# center x,y,z (Mpc/h), volume (normalized), radius (Mpc/h), redshift, volume (Mpc/h^3), void ID, density contrast, num part, parent ID, tree level, number of children, central density
60.46000 35.36000 72.12000 5564.64000 32.15000 0.02418 139133.74000 49848 2.80104 3747 -1 0 10 0.35000
98.99000 65.70000 67.83000 2158.66000 23.44000 0.02273 53973.47000 110166 2.25822 1523 133791 1 8 0.33000
9.73000 85.60000 83.17000 387.77000 13.23000 0.02790 9695.38000 211810 2.22786 350 -1 0 0 0.00000
38.68000 0.67000 98.11000 6602.09000 34.03000 0.03295 165073.43000 66316 2.22778 5476 -1 0 6 0.29000
95.07000 90.61000 16.22000 1042.03000 18.39000 0.00542 26054.06000 176668 2.18956 914 126471 1 1 0.00000
64.80000 99.92000 95.11000 952.94000 17.85000 0.03193 23826.57000 65594 2.18944 818 -1 0 1 0.27000
34.53000 95.25000 93.16000 230.58000 11.12000 0.03128 5765.14000 192515 2.18804 199 -1 0 0 0.00000
65.91000 71.02000 46.34000 1083.43000 18.63000 0.01551 27089.26000 176669 2.16346 1190 -1 0 2 0.35000
85.84000 45.71000 2.23000 666.91000 15.85000 0.00074 16674.86000 155685 2.06621 534 -1 0 0 0.10000
2.40000 40.18000 36.81000 771.28000 16.64000 0.01231 19284.40000 167299 2.02250 1024 -1 0 2 0.17000
47.83000 28.93000 8.29000 2372.07000 24.19000 0.00277 59309.43000 43402 2.00955 2337 -1 0 5 0.16000
89.65000 1.50000 6.91000 724.95000 16.30000 0.00231 18126.13000 106951 1.99565 763 -1 0 0 0.09000
50.24000 97.86000 3.30000 1940.45000 22.63000 0.00110 48517.50000 156967 1.94448 1881 -1 0 4 0.63000
22.50000 23.73000 37.22000 370.54000 13.03000 0.01245 9264.69000 118877 1.93376 359 -1 0 0 0.00000
33.81000 58.05000 31.28000 756.49000 16.53000 0.01046 18914.67000 41625 1.86147 872 -1 0 2 0.17000
60.97000 62.64000 2.01000 135.18000 9.31000 0.00067 3380.03000 149382 1.77039 201 -1 0 0 0.00000
99.54000 39.86000 51.12000 2138.11000 23.37000 0.01711 53459.59000 84681 1.74978 1511 133791 1 6 0.36000
19.67000 62.13000 77.43000 506.10000 14.46000 0.02597 12654.16000 211808 1.74493 491 -1 0 1 0.25000
45.72000 94.74000 32.51000 1629.92000 21.35000 0.01087 40753.13000 155325 1.74157 1616 -1 0 5 0.47000
57.28000 23.18000 94.30000 515.52000 14.55000 0.03166 12889.54000 114246 1.73979 383 49848 1 2 0.12000
16.50000 74.86000 27.05000 399.92000 13.36000 0.00904 9999.17000 90658 1.73939 372 -1 0 0 0.16000
59.22000 59.64000 86.09000 406.34000 13.44000 0.02889 10159.75000 115918 1.73199 430 -1 0 0 0.00000
56.11000 47.98000 35.86000 514.82000 14.54000 0.01199 12872.23000 117183 1.69415 329 -1 0 1 0.12000
94.63000 77.91000 48.91000 240.76000 11.28000 0.01637 6019.79000 84686 1.67268 289 -1 0 0 0.00000
45.93000 51.68000 18.09000 134.14000 9.29000 0.00604 3354.00000 43398 1.65226 187 -1 0 0 0.00000
28.85000 81.60000 98.65000 434.39000 13.74000 0.03313 10861.09000 211817 1.64146 306 -1 0 1 0.00000
57.64000 98.36000 74.15000 278.96000 11.85000 0.02486 6974.94000 63795 1.63561 244 -1 0 1 0.46000
16.84000 78.60000 1.66000 961.12000 17.90000 0.00055 24031.16000 92361 1.58441 1040 -1 0 2 0.27000
6.11000 61.33000 29.96000 190.01000 10.43000 0.01001 4750.73000 167298 1.57175 218 -1 0 0 0.00000
65.32000 48.69000 3.37000 123.59000 9.04000 0.00112 3090.15000 148528 1.56613 136 -1 0 0 0.00000
49.81000 54.27000 67.52000 1106.40000 18.76000 0.02263 27663.42000 114235 1.54998 700 49848 1 2 0.35000
1.38000 25.75000 20.91000 112.52000 8.76000 0.00698 2813.31000 122073 1.53972 175 -1 0 0 0.57000
13.91000 27.23000 79.87000 108.10000 8.64000 0.02679 2702.91000 196026 1.53091 234 -1 0 0 0.00000
21.89000 12.59000 58.45000 198.74000 10.59000 0.01957 4969.18000 117192 1.52797 140 -1 0 0 0.00000
70.30000 72.82000 16.72000 593.65000 15.25000 0.00558 14843.12000 174947 1.51791 901 -1 0 1 0.65000
34.96000 87.24000 70.35000 195.31000 10.52000 0.02358 4883.31000 211806 1.51558 206 -1 0 0 0.33000
48.02000 28.53000 32.60000 174.36000 10.13000 0.01090 4359.52000 41632 1.50996 132 -1 0 0 0.00000
63.46000 41.31000 17.51000 542.45000 14.79000 0.00585 13562.91000 41627 1.50331 582 43402 1 0 0.12000
24.31000 69.08000 52.97000 247.39000 11.39000 0.01773 6185.58000 155314 1.47588 312 -1 0 0 0.52000
8.92000 41.24000 69.00000 171.15000 10.07000 0.02313 4279.21000 171060 1.46191 446 -1 0 0 0.00000
12.90000 82.87000 43.92000 301.95000 12.17000 0.01470 7549.69000 203379 1.45775 256 -1 0 0 0.00000
13.21000 58.53000 75.82000 272.15000 11.76000 0.02542 6804.65000 213491 1.45772 293 211808 1 0 0.00000
45.23000 84.91000 77.74000 207.61000 10.74000 0.02607 5190.99000 192524 1.45646 221 -1 0 0 0.62000
63.23000 84.41000 31.68000 110.28000 8.70000 0.01059 2757.45000 182389 1.43347 76 -1 0 0 0.58000
29.45000 8.05000 20.20000 42.79000 6.34000 0.00675 1069.91000 43405 1.42393 97 -1 0 0 0.00000
61.96000 29.02000 79.25000 350.83000 12.79000 0.02658 8771.93000 114249 1.41953 163 49848 1 0 0.18000
69.14000 2.23000 81.59000 120.09000 8.95000 0.02737 3002.51000 51589 1.40446 152 -1 0 0 0.00000
92.10000 60.35000 6.14000 108.67000 8.66000 0.00205 2717.12000 150267 1.40421 115 -1 0 0 0.00000
57.85000 7.40000 21.78000 114.16000 8.80000 0.00727 2854.42000 41629 1.40229 94 -1 0 0 0.00000
87.22000 78.56000 0.37000 97.83000 8.36000 0.00012 2446.08000 181559 1.40067 99 -1 0 0 0.00000
78.19000 21.11000 2.75000 257.72000 11.54000 0.00092 6443.92000 111467 1.40037 407 -1 0 0 0.25000
72.49000 15.42000 59.83000 914.16000 17.61000 0.02004 22856.93000 51587 1.39610 737 49848 1 0 0.07000
74.53000 48.96000 62.76000 143.19000 9.49000 0.02103 3580.13000 108463 1.39360 98 -1 0 0 0.00000
91.53000 72.10000 91.73000 321.48000 12.43000 0.03079 8038.03000 126840 1.39007 225 136102 1 0 0.20000
81.60000 16.92000 25.93000 343.42000 12.70000 0.00866 8586.63000 181770 1.38935 375 -1 0 0 0.00000
79.47000 99.63000 42.45000 1394.89000 20.27000 0.01420 34876.66000 176671 1.38107 1248 182392 2 3 0.23000
31.59000 92.21000 51.09000 216.46000 10.89000 0.01710 5412.19000 156965 1.37962 223 -1 0 0 0.00000
3.37000 9.07000 35.55000 390.65000 13.26000 0.01189 9767.58000 118879 1.37750 311 149716 1 1 0.33000
72.64000 77.83000 96.62000 94.70000 8.27000 0.03244 2367.88000 126843 1.37249 80 -1 0 0 0.00000
36.04000 40.87000 56.46000 967.95000 17.94000 0.01891 24201.76000 118874 1.35432 613 49848 1 1 0.20000
18.52000 18.48000 14.34000 134.58000 9.30000 0.00479 3364.99000 122070 1.34748 195 -1 0 0 0.00000
1.71000 57.55000 11.61000 246.15000 11.37000 0.00388 6154.46000 92365 1.34530 286 -1 0 0 0.00000
47.07000 71.48000 79.52000 105.45000 8.57000 0.02667 2636.54000 190923 1.34458 147 -1 0 0 1.21000
44.78000 64.19000 31.07000 215.50000 10.88000 0.01039 5388.17000 43399 1.34394 345 41625 1 0 0.00000
29.98000 71.84000 65.05000 81.12000 7.85000 0.02180 2028.30000 213488 1.33589 110 -1 0 0 0.79000
50.06000 67.89000 4.06000 20.84000 4.99000 0.00136 521.16000 187845 1.33313 45 -1 0 0 3.07000
37.51000 5.94000 37.53000 118.32000 8.91000 0.01255 2958.48000 43409 1.32773 108 -1 0 0 0.54000
16.70000 87.09000 19.79000 80.18000 7.82000 0.00661 2004.72000 90657 1.32457 92 -1 0 0 0.80000
11.60000 19.24000 65.62000 222.17000 10.99000 0.02199 5554.96000 194408 1.32406 712 -1 0 0 0.29000
38.46000 55.62000 90.43000 129.23000 9.17000 0.03035 3231.23000 114232 1.32176 175 -1 0 0 0.00000
69.83000 85.53000 78.48000 204.93000 10.69000 0.02632 5123.90000 126841 1.31776 151 -1 0 0 0.00000
27.28000 21.50000 51.33000 236.07000 11.21000 0.01718 5902.53000 118878 1.31152 193 -1 0 0 0.27000
44.63000 7.55000 79.35000 234.23000 11.18000 0.02661 5856.43000 114247 1.31129 164 4807 3 0 0.00000
96.85000 20.63000 40.32000 152.90000 9.70000 0.01349 3822.97000 111464 1.29408 127 -1 0 0 0.00000
33.90000 22.19000 73.70000 148.53000 9.61000 0.02471 3713.61000 114250 1.28869 129 -1 0 0 0.43000
82.22000 41.22000 83.99000 873.42000 17.34000 0.02818 21838.32000 108464 1.28676 554 49848 1 0 0.22000
61.43000 31.36000 2.08000 128.83000 9.16000 0.00069 3221.28000 43401 1.28035 91 -1 0 0 0.00000
5.12000 57.83000 56.33000 142.69000 9.48000 0.01886 3567.67000 117189 1.27932 111 -1 0 0 0.00000
38.25000 68.60000 10.04000 107.35000 8.62000 0.00335 2684.09000 92359 1.27717 257 -1 0 0 0.00000
7.44000 64.04000 86.26000 62.97000 7.22000 0.02895 1574.57000 213492 1.27620 54 -1 0 0 1.02000
59.82000 16.55000 27.96000 50.00000 6.68000 0.00934 1250.20000 43406 1.26795 55 -1 0 0 0.00000
62.97000 27.26000 34.73000 122.23000 9.00000 0.01161 3056.14000 41631 1.25531 94 -1 0 0 0.00000
14.77000 32.11000 12.45000 86.53000 8.02000 0.00416 2163.43000 122074 1.25399 268 -1 0 0 1.48000
60.21000 4.38000 32.83000 91.91000 8.19000 0.01097 2298.13000 41630 1.24843 291 -1 0 0 0.00000
48.43000 20.08000 66.38000 179.41000 10.23000 0.02224 4485.77000 115922 1.24526 233 -1 0 0 0.00000
20.16000 69.78000 4.74000 473.93000 14.14000 0.00158 11849.65000 92362 1.24458 447 92361 1 1 0.41000
86.12000 38.43000 23.51000 48.95000 6.64000 0.00786 1223.83000 150266 1.24376 94 -1 0 0 0.00000
15.01000 52.64000 63.12000 78.89000 7.78000 0.02114 1972.58000 194199 1.24221 66 -1 0 0 0.81000
70.87000 36.28000 48.24000 354.04000 12.83000 0.01615 8852.18000 190520 1.23855 208 -1 0 0 0.54000
29.89000 31.23000 23.62000 129.64000 9.18000 0.00789 3241.47000 123730 1.23630 198 -1 0 0 0.99000
90.97000 27.40000 16.97000 203.06000 10.66000 0.00567 5077.04000 111468 1.23141 349 -1 0 0 0.63000
39.87000 37.80000 98.66000 62.61000 7.20000 0.03314 1565.38000 114237 1.22819 124 -1 0 0 0.00000
31.65000 46.22000 91.43000 122.53000 9.01000 0.03069 3063.62000 115915 1.22413 288 -1 0 0 0.52000
19.10000 55.25000 41.73000 89.21000 8.11000 0.01396 2230.58000 117185 1.21603 87 -1 0 0 0.00000
57.26000 21.84000 17.71000 159.08000 9.83000 0.00591 3977.49000 41628 1.21530 153 43402 1 0 0.00000
65.33000 94.85000 52.52000 199.80000 10.60000 0.01758 4995.57000 184029 1.20856 115 -1 0 1 0.32000
96.03000 22.84000 79.75000 136.51000 9.34000 0.02675 3413.23000 111459 1.20794 94 49848 1 0 0.47000
79.76000 98.93000 55.52000 481.28000 14.22000 0.01859 12033.51000 184030 1.20359 450 176671 3 0 0.13000
30.47000 78.18000 14.77000 57.27000 6.99000 0.00493 1431.86000 92363 1.20078 56 -1 0 0 0.00000
34.93000 43.78000 5.05000 500.60000 14.40000 0.00169 12516.52000 167304 1.19474 496 43402 1 0 0.13000
44.75000 47.57000 34.91000 67.35000 7.38000 0.01167 1683.90000 117182 1.19022 39 117183 1 0 0.00000
40.96000 7.44000 60.35000 60.28000 7.11000 0.02021 1507.08000 43412 1.18932 126 -1 0 0 1.06000
48.35000 6.94000 52.64000 26.37000 5.40000 0.01762 659.25000 43413 1.18585 62 -1 0 0 0.00000
25.73000 90.15000 11.11000 146.98000 9.57000 0.00371 3674.84000 92360 1.18561 128 -1 0 0 0.00000
39.95000 38.64000 27.48000 84.12000 7.95000 0.00918 2103.19000 41626 1.18380 139 -1 0 0 0.00000
93.69000 68.18000 25.83000 237.09000 11.23000 0.00863 5927.95000 176665 1.18030 241 -1 0 0 0.00000
67.99000 62.99000 50.91000 263.66000 11.63000 0.01704 6592.36000 176670 1.17902 187 176669 1 0 0.00000
22.48000 24.08000 78.07000 17.45000 4.71000 0.02618 436.29000 117194 1.17803 28 -1 0 0 3.67000
89.62000 35.51000 70.61000 57.80000 7.01000 0.02367 1445.15000 108465 1.17764 44 133791 1 0 0.00000
97.56000 52.68000 16.45000 57.39000 7.00000 0.00549 1434.94000 150268 1.17511 73 -1 0 0 0.00000
77.93000 32.17000 33.72000 122.67000 9.01000 0.01127 3067.08000 190518 1.16639 123 -1 0 0 0.52000
85.28000 66.24000 42.56000 60.21000 7.11000 0.01424 1505.53000 174948 1.16317 52 -1 0 0 0.00000
46.03000 5.46000 44.79000 141.47000 9.45000 0.01499 3537.14000 41633 1.16086 203 -1 0 0 0.45000
44.08000 73.37000 50.67000 120.15000 8.95000 0.01696 3004.10000 155316 1.15872 202 -1 0 0 1.07000
17.98000 28.99000 23.56000 75.91000 7.68000 0.00787 1898.10000 122072 1.15686 91 -1 0 0 0.00000
2.07000 85.51000 14.09000 51.13000 6.73000 0.00470 1278.41000 90659 1.15525 88 -1 0 0 0.00000
13.30000 37.69000 90.79000 51.30000 6.74000 0.03048 1282.70000 194196 1.15248 185 -1 0 0 0.00000
1.64000 25.30000 10.37000 157.62000 9.80000 0.00346 3941.00000 149714 1.15161 140 -1 0 0 0.00000
38.52000 25.04000 49.43000 48.67000 6.62000 0.01654 1216.85000 43410 1.15047 41 -1 0 0 0.00000
19.07000 52.98000 87.61000 98.67000 8.38000 0.02940 2466.95000 194200 1.15020 207 -1 0 0 0.00000
49.09000 14.52000 35.34000 102.92000 8.50000 0.01182 2573.44000 43408 1.14960 107 -1 0 0 0.00000
2.43000 11.10000 0.14000 17.08000 4.67000 0.00005 427.06000 123729 1.14299 13 -1 0 0 0.00000
22.85000 4.51000 33.22000 203.89000 10.68000 0.01110 5097.81000 117193 1.14232 170 -1 0 0 0.00000
65.08000 74.74000 14.87000 360.39000 12.91000 0.00497 9010.85000 174946 1.13873 675 174947 1 0 0.18000
93.45000 21.57000 61.12000 109.71000 8.68000 0.02047 2743.02000 111463 1.13829 66 111462 3 0 0.00000
5.82000 4.38000 65.06000 41.45000 6.28000 0.02180 1036.32000 118880 1.13585 61 -1 0 0 0.00000
23.43000 61.96000 18.02000 50.53000 6.71000 0.00602 1263.40000 92364 1.13118 33 -1 0 0 0.00000
0.73000 20.67000 50.01000 91.83000 8.18000 0.01674 2296.11000 102227 1.13023 86 -1 0 0 0.70000
75.44000 95.65000 9.05000 101.57000 8.46000 0.00302 2539.59000 182395 1.12767 127 -1 0 0 0.00000
50.26000 96.69000 75.93000 122.91000 9.02000 0.02546 3073.07000 190916 1.12125 122 63795 1 0 0.52000
39.70000 56.40000 70.64000 383.87000 13.18000 0.02368 9597.88000 114233 1.12090 312 114235 2 0 0.17000
27.22000 37.74000 90.21000 18.77000 4.82000 0.03028 469.29000 194198 1.12041 43 -1 0 0 0.00000
17.04000 0.79000 51.55000 219.39000 10.94000 0.01726 5485.50000 157823 1.11966 139 66316 1 0 0.00000
92.77000 10.97000 71.09000 54.20000 6.86000 0.02383 1355.11000 51586 1.11950 34 -1 0 0 0.00000
0.84000 99.61000 36.84000 363.81000 12.95000 0.01232 9096.42000 203378 1.11538 368 90661 2 0 0.53000
82.16000 92.10000 70.86000 101.89000 8.47000 0.02375 2547.63000 65596 1.11197 122 110166 2 0 0.00000
7.65000 32.00000 96.50000 69.57000 7.46000 0.03240 1739.41000 196033 1.11139 63 -1 0 0 0.92000
23.69000 0.20000 76.08000 467.30000 14.08000 0.02551 11684.02000 194411 1.11051 282 93699 2 0 0.14000
52.45000 90.13000 53.20000 53.25000 6.82000 0.01781 1331.43000 156961 1.10900 29 -1 0 0 0.00000
63.49000 45.76000 94.95000 107.32000 8.62000 0.03188 2683.33000 49851 1.10898 57 -1 0 0 0.00000
9.72000 47.57000 17.69000 30.66000 5.68000 0.00591 766.67000 167297 1.10699 111 -1 0 0 0.00000
92.07000 52.65000 52.56000 216.96000 10.90000 0.01759 5424.72000 82959 1.10457 102 84681 2 0 0.00000
80.15000 7.49000 38.51000 57.31000 6.99000 0.01288 1432.98000 188835 1.10205 70 -1 0 0 0.00000
31.47000 56.21000 15.58000 24.91000 5.30000 0.00520 622.73000 167302 1.10110 21 -1 0 0 0.00000
43.51000 37.40000 57.22000 478.39000 14.19000 0.01916 11961.37000 118875 1.10102 258 118874 2 0 0.13000
72.88000 18.85000 41.82000 83.44000 7.93000 0.01399 2086.16000 190519 1.09777 62 -1 0 0 0.00000
49.44000 16.59000 53.01000 91.56000 8.18000 0.01775 2289.38000 41634 1.09763 148 -1 0 0 0.00000
78.88000 55.62000 11.61000 67.16000 7.37000 0.00387 1679.26000 148527 1.09663 65 -1 0 0 0.00000
62.55000 12.83000 5.33000 214.37000 10.86000 0.00178 5359.86000 43403 1.09662 172 43402 1 0 0.00000
30.34000 33.07000 76.72000 116.00000 8.85000 0.02572 2900.31000 115914 1.09660 114 -1 0 0 0.55000
18.49000 64.98000 6.82000 249.90000 11.43000 0.00228 6248.29000 90656 1.09588 305 92362 2 0 0.26000
70.36000 9.81000 30.33000 165.10000 9.95000 0.01014 4128.13000 183419 1.09493 318 -1 0 0 0.39000
36.11000 62.99000 53.61000 36.72000 6.03000 0.01795 918.01000 117184 1.09471 34 -1 0 0 1.74000
63.73000 73.24000 75.32000 37.16000 6.05000 0.02526 929.06000 126842 1.09427 45 -1 0 0 0.00000
14.19000 47.16000 44.96000 159.89000 9.85000 0.01504 3997.64000 117188 1.08703 122 -1 0 0 0.00000
57.98000 9.54000 74.81000 69.23000 7.45000 0.02508 1731.02000 114251 1.08339 138 -1 0 0 0.00000
38.30000 59.63000 16.35000 36.31000 6.01000 0.00546 907.78000 41624 1.08208 51 -1 0 0 0.00000
47.86000 83.78000 24.33000 190.75000 10.44000 0.00813 4769.30000 187846 1.08108 276 155325 1 0 0.00000
20.66000 33.92000 86.62000 48.88000 6.63000 0.02906 1222.11000 196025 1.07964 120 -1 0 0 0.00000
10.48000 68.39000 57.07000 87.23000 8.05000 0.01911 2181.08000 201726 1.07918 101 -1 0 0 0.00000
31.99000 75.52000 72.83000 15.34000 4.51000 0.02442 383.64000 211809 1.07823 14 -1 0 0 0.00000
74.74000 48.71000 47.17000 42.75000 6.34000 0.01579 1068.93000 190521 1.07699 55 -1 0 0 1.50000
56.63000 77.05000 69.23000 38.46000 6.12000 0.02320 961.54000 190924 1.07601 42 -1 0 0 1.66000
28.13000 88.39000 27.29000 91.90000 8.19000 0.00912 2297.83000 203380 1.07589 51 155325 1 0 0.00000
88.46000 54.18000 33.73000 261.20000 11.60000 0.01128 6530.93000 188837 1.07455 384 84681 2 0 0.00000
37.90000 17.64000 57.94000 18.08000 4.76000 0.01940 451.97000 43411 1.07197 25 -1 0 0 0.00000
82.92000 0.11000 25.89000 53.05000 6.82000 0.00865 1326.41000 106948 1.06996 49 -1 0 0 0.00000
57.00000 39.58000 95.27000 108.80000 8.66000 0.03199 2720.26000 114240 1.06807 85 49848 1 0 0.00000
47.12000 77.69000 71.42000 25.24000 5.32000 0.02394 631.19000 213487 1.06462 22 -1 0 0 0.00000
80.94000 75.30000 71.73000 338.86000 12.65000 0.02405 8472.49000 125151 1.06380 285 110166 2 0 0.19000
48.60000 26.42000 44.18000 18.43000 4.79000 0.01478 460.78000 43407 1.06289 20 -1 0 0 0.00000
44.50000 61.70000 48.60000 76.23000 7.69000 0.01626 1906.11000 117181 1.06279 47 49848 1 0 0.00000
11.70000 38.73000 52.96000 69.00000 7.44000 0.01773 1725.21000 117190 1.06249 69 -1 0 0 0.00000
73.07000 68.68000 75.84000 39.01000 6.15000 0.02543 975.49000 125153 1.05956 46 -1 0 0 0.00000
85.52000 0.54000 65.72000 38.69000 6.14000 0.02202 967.41000 170071 1.05937 24 46544 2 0 0.00000
29.31000 44.45000 76.35000 131.11000 9.22000 0.02560 3278.14000 114234 1.05543 129 49848 1 0 0.00000
40.81000 31.05000 85.51000 106.87000 8.61000 0.02869 2672.17000 115916 1.05536 96 -1 0 0 0.00000
70.72000 6.32000 38.45000 11.52000 4.10000 0.01286 287.97000 181771 1.05536 42 -1 0 0 0.00000
95.45000 90.90000 53.26000 129.82000 9.19000 0.01783 3245.93000 134443 1.05505 116 -1 0 0 0.00000
58.20000 12.07000 45.52000 76.29000 7.69000 0.01523 1907.58000 41635 1.05455 95 -1 0 0 0.84000
60.54000 95.00000 94.71000 537.61000 14.75000 0.03180 13442.01000 192521 1.05442 414 65594 1 0 0.12000
60.37000 77.56000 87.86000 142.37000 9.47000 0.02949 3559.68000 125152 1.05374 124 -1 0 0 0.00000
80.94000 83.54000 13.47000 43.57000 6.38000 0.00450 1089.34000 176667 1.05324 41 -1 0 0 0.00000
25.35000 19.70000 93.85000 275.84000 11.81000 0.03151 6896.77000 194413 1.04952 188 114245 4 0 0.70000
98.17000 25.19000 93.22000 78.88000 7.78000 0.03130 1972.34000 111460 1.04950 62 -1 0 0 0.81000
36.86000 18.35000 26.30000 106.47000 8.60000 0.00879 2662.14000 43404 1.04813 101 -1 0 0 0.00000
72.41000 58.75000 15.20000 58.80000 7.05000 0.00508 1470.25000 148526 1.04659 120 -1 0 0 0.00000
30.90000 58.98000 39.49000 174.91000 10.14000 0.01321 4373.31000 117186 1.04507 166 41625 1 0 0.00000
8.47000 30.91000 47.03000 52.26000 6.78000 0.01574 1306.60000 118876 1.04249 40 -1 0 0 0.00000
46.32000 67.50000 99.11000 47.88000 6.59000 0.03329 1197.07000 192523 1.04226 64 -1 0 0 0.00000
95.35000 66.19000 39.04000 45.12000 6.46000 0.01306 1128.13000 84683 1.03915 35 -1 0 0 1.42000
17.78000 9.96000 86.39000 62.66000 7.20000 0.02899 1566.69000 196027 1.03888 48 -1 0 0 0.00000
12.07000 29.17000 55.73000 17.94000 4.75000 0.01866 448.66000 117191 1.03794 31 -1 0 0 0.00000
75.15000 43.40000 29.27000 41.69000 6.29000 0.00978 1042.46000 188838 1.03479 47 -1 0 0 0.00000
43.12000 85.77000 58.74000 23.29000 5.18000 0.01967 582.22000 155315 1.03169 30 -1 0 0 0.00000
1.18000 90.77000 72.79000 44.39000 6.42000 0.02440 1109.93000 211811 1.02596 63 -1 0 0 0.00000
27.75000 78.77000 59.95000 42.24000 6.32000 0.02008 1056.08000 213489 1.02551 33 -1 0 0 1.52000
65.63000 82.25000 61.70000 166.10000 9.97000 0.02067 4152.92000 182388 1.02412 188 176669 1 0 0.39000
26.89000 42.72000 13.76000 60.68000 7.13000 0.00459 1517.11000 165615 1.02173 93 43402 1 0 1.05000
67.31000 89.59000 44.49000 65.91000 7.33000 0.01489 1647.98000 184028 1.02146 34 184029 1 0 0.00000
99.88000 84.21000 73.62000 154.80000 9.74000 0.02468 3870.49000 136107 1.02103 81 110166 2 0 0.00000
49.78000 30.42000 86.71000 138.05000 9.38000 0.02910 3451.80000 114248 1.02057 128 114246 2 0 0.00000
25.77000 78.42000 82.60000 90.35000 8.14000 0.02771 2259.03000 211807 1.01758 92 -1 0 0 0.00000
3.21000 26.70000 37.28000 134.71000 9.30000 0.01247 3368.30000 117187 1.01684 166 167299 1 0 0.00000
35.53000 34.69000 40.51000 44.90000 6.45000 0.01355 1122.52000 118873 1.01621 52 -1 0 0 0.00000
49.63000 77.75000 96.40000 104.92000 8.56000 0.03237 2623.40000 190920 1.01530 105 -1 0 0 0.61000
92.18000 50.93000 94.46000 25.60000 5.35000 0.03172 639.96000 51596 1.01496 35 -1 0 0 0.00000
55.79000 41.80000 69.23000 271.35000 11.74000 0.02320 6784.56000 115917 1.01366 191 114235 2 0 0.24000
87.96000 1.40000 77.55000 58.03000 7.02000 0.02601 1450.94000 51588 1.01297 43 -1 0 0 0.00000
94.63000 72.78000 10.91000 112.79000 8.76000 0.00364 2820.19000 176666 1.01296 92 -1 0 0 0.00000
99.42000 71.64000 77.95000 114.67000 8.81000 0.02614 2867.20000 134458 1.01230 62 110166 2 0 0.00000
32.03000 12.86000 75.93000 80.27000 7.83000 0.02546 2007.01000 194410 1.01115 49 4807 3 0 0.00000
10.72000 75.33000 95.84000 87.46000 8.05000 0.03218 2186.66000 211813 1.01046 56 -1 0 0 0.00000
97.56000 31.72000 27.79000 61.28000 7.15000 0.00929 1532.11000 111465 1.00893 76 -1 0 0 0.00000
96.31000 66.61000 49.03000 53.58000 6.84000 0.01641 1339.69000 82960 1.00854 37 84681 2 0 0.00000
39.67000 86.54000 40.06000 398.12000 13.34000 0.01340 9954.18000 155320 1.00563 413 155325 1 0 0.16000
18.41000 17.30000 80.88000 16.37000 4.61000 0.02713 409.40000 194409 1.00366 24 -1 0 0 0.00000
19.70000 48.48000 8.93000 80.60000 7.84000 0.00298 2015.27000 167303 1.00330 179 -1 0 0 2.38000
90.21000 34.38000 57.29000 80.65000 7.84000 0.01918 2016.59000 188836 1.00193 31 84684 3 0 0.00000
15.27000 55.39000 18.66000 41.10000 6.26000 0.00623 1027.61000 165614 1.00167 107 -1 0 0 0.00000
16.55000 40.90000 18.54000 32.40000 5.78000 0.00619 810.16000 167301 1.00050 71 -1 0 0 0.00000
