452.63   475.58   543.78   78.35   
490.28   321.01   666.09   78.75   
715.15   676.27   265.36   86.2   
560.93   268.06   308.39   70.79   
309.37   317.63   703.05   56.97   
311.5   608.45   611.15   75.77   
727.86   540.61   482.01   80.34   
657.01   261.92   262.05   70.57   
414.55   433.62   296.1   83.89   
495.23   596.12   340.34   61.36   
326.7   741.86   606.2   35.04   
530.09   670.38   558.45   46.22   
470.54   639.25   710.49   40.27   
675.45   416.59   368.26   116.89   
277.23   464.35   397.82   48.98   
571.28   672.28   265.97   72.04   
372.12   540.52   568.64   49.84   
498.44   477.24   693.26   38.59   
333.73   280.79   586.73   81.33   
359.83   713.42   385.9   37.41   
545.3   564.21   653.46   66.47   
742.2   251.46   440.32   47.17   
332.74   716.01   558.9   36.79   
676.84   418.58   309.57   69.55   
522.89   592.22   545.1   33.35   
519.8   393.92   463.89   74.33   
441.66   469.12   384.22   39.44   
632.17   323.82   479.1   65.58   
725.02   729.05   364.69   82.77   
675.9   502.48   478.41   58.31   
580.28   370.65   353.27   38.71   
407.07   288.15   712.9   46.72   
441.63   327.79   286.3   50.42   
699.41   254.29   612.97   48.75   
626.19   747.04   537.77   39.27   
497.47   645.29   624.22   55.12   
675.35   685.19   596.1   70.04   
275.21   283.66   318.09   55.52   
677.55   382.33   427.99   80.07   
250.16   697.33   299.63   61.52   
499.11   715.36   744.45   33.03   
443.47   640.22   534.77   48.05   
300.69   602.89   287.09   63.04   
660.94   521.83   712.11   62.7   
296.83   570.84   421.23   62.94   
535.44   504.36   286.9   29.11   
507.94   648.17   442.17   88.78   
502.22   515.29   748.21   50.86   
519.06   500.95   515.14   31.1   
434.72   283.07   461.59   85.57   
634.73   663.71   475.58   57.4   
740.65   349.67   687.06   28   
677.22   351.42   646.37   36.47   
281.44   684.37   554.51   43.25   
749.53   734.66   667.48   59.73   
428.04   330.65   392.22   40.54   
370.66   437.11   262.01   57.8   
489.19   335   529.18   46.32   
363.21   359.95   605.16   40.68   
429.18   541.4   694.27   46.65   
645.36   429.06   655.91   78.01   
698.05   599.02   365.11   27.95   
380.8   394.06   402.75   40.83   
521.16   476.78   401.9   27.02   
391.19   535.11   383.98   46.98   
618.4   519.59   321.24   84.08   
594.31   274.73   255.81   33.29   
324.08   312.18   404.68   36.01   
630.95   721.43   410.11   35.94   
271.13   693.66   688.75   80.27   
454.86   572.48   517.67   31.01   
499.05   254.34   542.57   33.89   
516.13   324.16   322.68   27.69   
588.54   666.88   572.05   39.22   
574.62   319.81   472.92   42.77   
284.57   689.19   495.37   41.49   
408.9   709.84   526.65   36.61   
563.94   725.54   310.49   43.32   
452.56   280.2   557.13   21.05   
391.61   411.91   540.64   38.64   
508.34   402.47   659.39   28.86   
631.43   401.49   433.92   64.7   
294.74   611.01   698.71   46.74   
310.74   431.94   711.58   38.76   
652.39   703.94   595.52   50.24   
577.41   517.5   523.36   46.16   
383.19   412.8   479.06   33.75   
447.31   398.88   420.69   39.99   
708.28   469.67   400.21   38.42   
383.92   330.14   372.73   26.96   
649.7   618.97   680.83   21.18   
701.6   663.54   399.37   35.68   
501.74   526.38   595.78   31.05   
626.3   442.48   688.53   47.64   
384.12   379.21   279.54   33.28   
728.67   381.27   608.57   45.8   
518.2   684.3   437.76   74.11   
322.28   490.41   470.91   41.55   
503.77   705.75   637.92   30.75   
409.18   693.6   274.93   30.74   
329.43   552.25   722.38   43.13   
673.03   627   497.29   36.45   
473.97   469.38   310.37   53.87   
564.97   714.49   480.99   57.12   
708.25   415.89   539.6   33.77   
675.34   611.51   446.51   18.4   
482.74   739.48   673.7   45.39   
561.2   344.24   724.91   38.73   
652.84   303.37   691.87   33.35   
675.05   737.32   448.28   19.01   
591.16   746.4   744.48   48.3   
680.35   555.09   400.9   45.4   
389.64   468.97   453   27.95   
486.25   356.07   456.15   50.67   
411.98   592.7   355.58   23.41   
545.92   272.82   723.58   50.6   
340.46   481.72   747.68   25.66   
465.43   517.77   377.56   21.13   
600.65   384.39   256.07   31.22   
713.51   435.82   470.59   32.99   
476.26   341.4   427.59   40.19   
528.24   652.05   749.1   28.41   
297.36   634.77   511.5   26.49   
513.22   545.24   638.88   49.17   
608.26   509.8   622.15   41.91   
400.02   648.65   572.98   32.83   
377.15   741.91   590.38   31.84   
748.39   625.82   651.51   21.85   
511.09   589.38   740.39   39.35   
629.96   413.42   551.8   42.71   
717.17   499.26   469.61   38.85   
258.92   296.6   421.44   40.78   
544.78   251.27   453.22   48.42   
713.95   279.07   502.3   49.78   
267.23   368.31   434.15   25.39   
430.14   576.76   464.05   35.34   
617.84   355.73   646.89   21.64   
302.99   625.05   713.29   39.86   
300.13   293.37   626.57   43.24   
650.06   596.96   651.88   27.22   
264.66   494.24   353.1   20.95   
636.03   297.46   484.12   46.54   
292.61   625.41   576.38   52.25   
629.29   322.6   746.97   39.47   
429.49   558.1   306.51   20.65   
621.36   525.66   306.37   47.38   
420.66   353.52   684.16   24.64   
427.95   749.54   631.43   31.75   
726.54   681.36   678   39.22   
514.16   528.22   704.38   25.13   
510.01   546.12   286.94   33.38   
507.24   419.64   418.75   33.85   
332.53   657.25   453.42   17.25   
309.35   406.45   334.34   26.44   
486.78   364.09   699.2   40.67   
622.32   271.57   418.02   44.8   
533.58   632.28   609.86   37.75   
326.31   321.69   341.83   33.99   
438.79   527.29   425.93   28.65   
436.87   660.58   304.06   33.27   
295.87   372.4   555.07   25.95   
600.67   536.06   702.18   49.93   
302.07   544.25   360.67   33.77   
401.22   639.91   388.19   48.93   
310.32   418.9   468.81   26.03   
333.29   447.11   635.63   48.56   
477.17   264.38   431.29   57.18   
394.7   291.14   464.87   58.9   
717.77   633.75   269.77   43.6   
432.58   568.96   258.89   33.25   
526.51   444.31   533.8   36.04   
365.87   440.76   591.68   39.82   
555.51   543.47   318.95   34.91   
336.13   686.88   713.4   38.13   
704.96   716.4   736.79   33.37   
704.18   329.47   521.99   28.36   
603.65   712.92   643.52   34.64   
253.62   596.97   731.72   26.73   
663.26   320.05   576.35   54.55   
544.73   671.71   697.02   49.77   
460.42   388.92   602.53   42.89   
580.62   471.7   293.66   47.96   
552.45   512.72   472.58   28.9   
675.25   604.04   532.9   29.24   
380.66   528.64   494.86   30.47   
573.37   740.87   421.04   29.01   
396.79   355.09   612.87   27.18   
686.94   310.14   745.13   27.48   
309.39   725.46   365.05   23.56   
379   609.3   269.67   25.75   
650.9   533.45   566.43   46.2   
308.4   508.62   281.79   37.17   
603.55   553.54   401.38   29.2   
375.93   271.24   373.59   32.63   
322.64   255.22   504.01   39.39   
408.18   559.74   513.74   17.28   
554.92   703.48   636.24   29.78   
336.76   630.25   486.88   31.74   
332.34   681.36   318.82   41.92   
349.92   734.58   274.77   36.81   
596.62   691.65   268.9   61.93   
482.72   258.68   260.82   26.5   
292.97   407.82   694.68   28.3   
641.32   376.05   701   42.22   
415.14   495.39   717.37   29.97   
491.76   605.13   570.26   19.39   
499.63   517.64   383.19   31.18   
380.76   663.06   277.8   28.28   
312.02   622.35   268.79   50.08   
666.35   341.39   390.08   34   
502.41   738.98   322.67   12.9   
403.29   613.36   467.01   33.5   
344.29   332.41   666.4   31.84   
341.95   273.53   336.38   40.31   
724.39   737.19   268.36   36.11   
501.16   477.97   460.04   33.34   
510.29   563.65   573.73   34.18   
451.7   569.58   575.55   30.35   
405.84   291.48   325.63   27.45   
577.26   661.04   661.55   31.55   
306.76   395.35   619.34   32.27   
379.02   621.24   509.37   38.85   
526.11   345.01   414.85   31.95   
537.74   337.45   546.67   31.59   
382.54   614.88   669.01   40.9   
340.36   360.83   436.94   39.01   
667.26   366.71   304.98   33.68   
312.11   468.42   574.2   33.41   
428.07   526.15   474.94   28.49   
429.86   317.79   435.22   24.76   
466.27   518.1   281.03   26.63   
418.55   454.99   648.01   25.87   
524.59   532.31   405.95   30.15   
572.09   481.1   597.58   28.82   
685.72   595.06   322.67   25.19   
255.13   322.16   605.8   23.93   
694.69   740   472.97   23.7   
436.12   614.18   616.32   36.93   
464.58   712   541.32   34.67   
670.69   633.93   590.83   35.02   
304.19   559.27   713.52   33.87   
252.82   541.63   386.03   30.61   
599.6   406.73   316.57   38.15   
381.07   490.83   642.05   26.95   
424.49   483.22   316.35   33.74   
436.83   541.99   546.09   25.87   
381.59   552.37   308.45   34.93   
477.59   444.17   652.63   29.52   
345.37   371.12   661.59   21.7   
449.97   512.43   651.9   24.38   
420.17   631.83   272.41   28.71   
297.75   491.9   748.69   42.2   
367.12   511.38   676.19   32.06   
560.83   354.18   276.1   27.2   
596.39   337.66   554.08   38.96   
352.72   531.94   322.95   24.48   
365.43   333.97   277.27   40.23   
377.93   672.14   350.95   32.61   
509.1   405.36   380.79   25.07   
301.95   570.82   295.51   43.42   
324.61   438.39   439.89   26.23   
370.89   357.57   702.76   34.22   
534.76   353.42   459.45   23.51   
666.36   476.57   622.78   32.73   
679.36   304.07   359.64   37.85   
277.35   521.53   587.02   32.9   
541.35   614.42   507.25   33.74   
520.21   671   411.73   52.26   
467.11   254.44   660.76   29.16   
494.46   400.54   277.61   29.26   
295.41   442.56   503.05   41.99   
328.57   524.34   395.98   41.36   
529.33   449.1   583.83   27.47   
625.15   598.7   366.14   32.72   
484.35   491.21   638.53   22.23   
388.96   293.27   639.88   47.48   
365.36   654.14   591.43   23.81   
677.6   530.41   331.47   37.14   
544.52   441.54   363.95   34.59   
712.3   554.4   674.26   28.14   
645.69   638.64   746.93   20.22   
401.36   689.9   691.88   31.73   
715.06   583.03   550.74   16.37   
663.09   502.77   410.54   25.55   
617.6   541.91   422.45   23.89   
301.22   543   546.86   37.9   
267.39   299.28   744.4   22.93   
601.83   270.25   552.93   37.31   
664.61   612.89   408.04   27.89   
401.29   725.66   706.81   26.57   
290.77   698.77   695.52   43.09   
431.71   337.52   642.44   33.81   
527.03   495.48   364.64   20.05   
477.39   578.3   682.02   38   
675.82   368.6   345.23   28.99   
448.72   684.07   739.33   42.73   
532.64   330.62   354.05   29.44   
647.8   682.53   662.47   39.49   
590.83   668.67   387.35   36.43   
499.63   365.49   306.91   20.37   
488.36   693.32   544.69   19.77   
438.51   473.86   682.22   26.82   
519.29   629.33   467   34.75   
429.08   639.47   669.2   28.24   
685.3   653.54   644.92   26.01   
731.71   394.28   729.13   44.58   
542.57   623.42   367.82   25.48   
572.4   434.82   568.89   20.66   
348.84   473.83   357.54   26.37   
294.28   253.01   444.81   29.23   
658.69   589.86   713.43   35.41   
554.72   681.55   497.66   42.82   
452.83   415.31   644.13   21.52   
350.59   578.76   378.69   24.84   
430.06   598.59   729.98   35.06   
251.1   449.9   320.88   43.54   
317.46   679.81   743.9   24.39   
672.94   685.71   518.96   28.21   
525.79   703.45   334.39   26.87   
514.13   348.08   258.13   37.86   
508.83   510.79   449.68   22.45   
447.12   324.86   349.42   33.06   
600.17   428.31   571.98   13.98   
262.69   644.56   494.88   20.37   
330.47   667.91   390.49   36.69   
348.57   276.92   271.79   33.03   
273.32   538.28   321.16   30.64   
593.5   636.27   352.17   20.37   
626.41   719.09   694.13   19.43   
415.39   619.34   325.28   29.53   
689.12   326.52   679.36   23.03   
493.94   538.48   511.41   22.4   
438.16   550.57   360.55   37.96   
290.85   676.53   591.13   16   
508.73   413   570.35   21.72   
724.55   441.66   674.3   50.62   
719.69   376.8   536.31   29.09   
738.71   422.73   380.16   32.01   
629.93   528.94   662.51   20.24   
705.06   272.26   672.26   35.81   
663.54   607.71   627.32   26.68   
744.45   720.46   539.32   20.27   
447.19   464.33   429.06   24.32   
451.58   274.14   624.41   28.07   
322   618.8   352.69   34.88   
593.56   346.9   613.03   25.3   
556.82   301.27   419.48   28.27   
570.23   284.6   716.48   14.9   
653.27   428.09   451.7   50.37   
418.22   515.76   286.18   30.73   
535.25   554.76   501.28   33.63   
625.07   346.34   292.96   39.18   
410.78   556.53   551.99   16.71   
271.14   360.92   501.63   28.54   
400.59   497.65   497.36   21.5   
749.74   527.79   534.37   30.15   
266.69   554.48   743.65   30.15   
669.04   374.64   544.09   31.32   
373.08   567.72   582.51   36.73   
395.97   537.78   609.49   14.54   
737.31   465.22   531.02   30.59   
711.25   637.83   355.08   19.43   
327.98   476.54   257.86   24.07   
655.08   730.81   482   32.01   
336.22   445.92   332.48   30.43   
638.37   659.55   711.77   23.03   
334.72   593.72   522.1   36.45   
622.67   425.84   532.73   34.41   
631.8   270.85   660.56   27.43   
596.68   559.88   465.5   26.27   
508.11   672.96   398.67   45.26   
515.76   285.83   405.54   22.15   
318.29   560.9   471.87   37.64   
501.88   368.08   348.91   27.81   
648.95   444.26   356.75   39   
718.61   560.29   389.36   30.37   
582.49   461.24   436.99   36.08   
631.97   316.25   644.58   23.15   
384.32   435.34   662.77   33.46   
696.19   635.8   679.27   26.8   
705.14   304.82   549.68   17.5   
339.05   388.48   297.36   23.77   
297.91   499.02   327.14   29.31   
498.29   453.71   743.09   31.24   
432.67   361.53   719.04   19.2   
733.3   646.73   614.14   37.92   
387.92   559.59   645.39   25.26   
474.39   288.16   370.12   17.77   
281.78   566.22   447.94   44.93   
359.1   665.36   495.93   27.82   
558.68   288.89   566.47   14.33   
612.38   699.2   340.41   24.79   
510.46   701.2   256.41   15.81   
381.74   690.75   493.91   18.51   
605.3   586.05   268.63   27.36   
262.28   739.72   588.84   42.73   
573.83   622.59   418.63   45.47   
547.71   709.41   391.67   26.95   
551.29   609.71   724.9   18.29   
328.11   606.55   330.64   17.45   
438.36   391.66   478.56   35.68   
285.59   394.41   295.6   25.54   
265.53   418.11   548.4   23.39   
504.24   736.84   703.51   14.93   
494.65   685.31   339.63   33.99   
699.34   603.94   664.83   25.81   
393.11   276.58   457.72   54.68   
380.66   567.31   255.69   23.36   
356.64   467.51   410.54   27.45   
586.67   617.57   319.23   33.65   
718.07   293.92   711.57   31.48   
258.06   347.69   682.34   18.75   
261.22   488.73   454.97   35.14   
324.54   407.51   555.79   37.16   
623.31   371.85   550.19   24.67   
662.86   701.09   743.15   16.64   
460.08   315.06   584.54   35.08   
428.92   428.48   720.91   35.57   
674.45   445.38   725.29   33.67   
540.36   290.25   546.7   21.79   
529.86   488.62   594.81   19.17   
300.03   631.3   470.84   24.7   
428.86   479.24   743.13   20.36   
687.69   715.8   417.67   26.47   
359.02   447.04   497.53   27.56   
457.69   252.43   572.51   13.55   
472.53   405.38   517.38   27.42   
588.62   664.55   617.17   25.66   
275.15   641.32   377.47   37.19   
495.97   464.22   378.33   24.48   
579.92   586.47   372.91   23.33   
447.07   682.02   346.01   27.53   
315.78   355.23   486.18   39.47   
261.46   640.02   535.49   25.59   
586.05   390.55   747.86   22.75   
541.92   394.6   518.96   37.59   
269.83   474.64   573.26   19.04   
575.87   717.95   565.47   27.33   
615.48   556.75   512.38   18.82   
598.46   602.69   518.35   35.38   
632.58   674.4   365.34   25.64   
519.61   258.53   588.74   29.62   
591.21   657.51   749.17   34.64   
743.45   416.56   698.39   26.36   
338.34   525.2   507.29   35.74   
478.93   652.12   575.53   30.42   
633.56   285.06   707.09   9.92   
694.77   385.12   425.03   38.57   
372.87   444.25   488.82   21.81   
374.12   330.08   478.38   16.98   
655.54   694.35   714.8   23.47   
486.48   530.73   471.76   23.44   
253.29   576.15   589.41   44.75   
711.88   727.57   641.11   32.67   
732.77   376.39   261.19   24.63   
307.71   300.63   462.5   28.85   
627.25   580.27   744.55   13.39   
575.88   327.01   403.79   22.53   
532.38   308.17   450.04   26.19   
565.93   369.6   578.26   25.88   
599.93   745.42   336.42   29.15   
667.53   659.86   338.32   35.5   
361.92   467.35   689.91   30.32   
617.98   685.14   711.54   23.89   
418.39   383.5   559.63   31.77   
375.39   588.53   360.63   21.72   
434.35   705.44   336.41   20   
572.54   556.47   256   24.92   
434.34   268.64   380.46   22.5   
251.27   659.31   617.78   27.45   
553.2   453.74   505.85   21.89   
522.91   291.71   711.49   28.3   
349.04   502.52   309.77   18.67   
553.42   411.9   715.28   30.65   
336.52   729.48   510.03   34.36   
522.19   471.27   653.66   22.18   
690.27   597.56   572.32   23.46   
261.77   416.1   356.83   27.64   
477.66   342.09   336.61   26.85   
268.1   519.65   493.27   18.47   
267.23   427.81   295.23   24.12   
702.29   335.26   275.56   24.69   
253.55   584.06   367.45   22   
321.63   397.02   462.54   16.22   
592.73   509.42   430.31   25.09   
385.63   359.03   560.5   22.77   
619.04   511.46   454.47   14.86   
563.83   282.31   479.44   19.75   
632.56   358.73   364.01   20.46   
560.56   258.33   403.01   30.62   
747.31   415.67   471.81   18.36   
580.35   428.45   528.82   21.03   
640.65   426.45   619.13   45.78   
362.98   745.79   481.18   22.78   
449.16   334.58   560.82   14.03   
327.26   552.95   672.67   39.13   
701.19   462.4   519.52   25.6   
502.98   671.68   509.28   24.27   
300.01   694.07   427.96   41.46   
413.29   281.19   258.17   24.41   
629.72   623.57   577.72   29.42   
704.61   489.24   587.47   21.34   
554.31   392.96   687.52   15.78   
592.72   534.15   476.86   17.61   
354.31   405.6   638.34   33.1   
371.78   654.63   654.07   29.25   
453.9   597.4   283.41   36.78   
351.49   261.1   718.84   23.82   
660.8   326.59   430.34   17.13   
602.69   320.34   587.54   25.1   
649.96   740.4   712.78   36.24   
642.19   584.9   291.35   41.79   
302.93   496.14   419.52   17.1   
671.03   463.66   562.98   28.97   
272.89   350.67   316.2   17.55   
544.18   472.92   482.18   21.05   
337.24   364.91   536.07   26   
644.01   353.06   728.33   27.32   
524.27   274.51   361.77   37.08   
400.64   586.4   610.63   25.07   
382.08   645.7   446.25   27.48   
467.02   719.65   386.85   24.58   
361.61   745.69   553.05   20.59   
700.67   335.02   703.42   23.24   
482.99   456.84   410.28   17.44   
380.45   601.62   428.96   20.08   
499.09   707.83   518.35   16.8   
303.7   364.55   342   23.1   
682.23   601.12   734.06   35.23   
676.41   719.45   318.92   19.62   
313.17   368.1   687.14   25.77   
383.85   459.87   524.35   15.9   
745.05   336.85   604.98   22.26   
377.45   497.98   727.73   17.19   
671.97   262.61   740.2   27.43   
310.08   741.44   671.76   32.57   
392.52   715.53   484.35   17.65   
349.75   663.28   539.63   27.37   
532.04   732.18   739.42   20.43   
702.62   516.03   723.39   32.41   
259.74   536.72   603.15   15.66   
631.46   277.26   417.17   40.99   
446.59   435.43   464.01   15.05   
560.94   313.97   540.69   16.75   
594.82   575.22   501.3   21.03   
602.49   701.62   441.65   27.38   
631.24   744.29   636.59   27.04   
430.75   498.74   357.49   14.77   
553.46   745.11   376.49   39.77   
559.12   488.85   556.39   31.49   
560.96   417.61   392.82   25.44   
405.53   582.43   300.18   17.37   
745.28   524.9   363.7   28.29   
378.61   623.24   307.42   19.53   
722.95   299.06   297.15   37.37   
700   590.05   641.16   24.27   
703.92   252.27   547.31   25.1   
647.55   549.19   343.54   26.88   
593.49   280.73   744.91   28.2   
325.79   264.8   351.42   32.57   
462.96   383.64   372.14   30.49   
569.02   398.8   621.45   38.67   
585.85   726.55   671.97   23.38   
477.91   433.5   425.82   16.57   
352.8   689.53   643.28   41.74   
289.12   392.14   516.37   20.44   
260.21   399.57   493.88   26.92   
284.47   398.26   407.05   35.03   
538.19   733.51   618.57   27.34   
398.73   591.29   747.76   23.73   
389.77   495.39   429.3   29.36   
661.87   256.98   536.65   28.41   
631.78   736.2   370.44   15.59   
383.51   482.43   355   28.63   
546.21   295.93   272.66   32.71   
360.76   329.84   413.05   26.54   
478.59   659.18   306.07   15.6   
270.05   331.15   465.15   32.44   
612.93   574.05   701.29   34.41   
305.81   361.75   394.82   24.45   
400.37   608.38   547.83   27.45   
527.05   426.22   651.02   17.27   
634.44   636.26   718.71   19.56   
322.95   472.4   426.72   24.64   
620.16   406.52   743.71   15.87   
502.6   663.36   277.63   37.02   
581.58   364.02   297.93   16.63   
661.87   478.08   449.99   32.21   
503.38   548.33   463.94   16.53   
341.07   411.98   474.43   12.01   
684.64   521.34   620.45   21.89   
407.91   438.28   427.25   27.64   
564.81   738.31   296.18   36.34   
423.55   279.5   595.81   27.68   
701.25   461.73   557.6   17.9   
388.08   335.25   435.13   21.01   
277.37   742.73   472.6   26.82   
649.68   575.02   487.66   20.54   
608.45   584.93   336.73   20.64   
456.6   563.61   610.34   19.79   
537.17   432.42   610.08   27.89   
627.13   497.79   417.56   22.9   
644.62   694.49   688.71   15.13   
481.86   456.95   296.26   41.25   
508.38   424.88   626.34   20.65   
626.59   463.52   579.82   33.95   
252.11   319.91   502.38   16.14   
291.83   611.08   438.22   27.03   
595.37   693.19   699.88   23.48   
440.44   710.54   614.04   32.16   
321.59   504.67   679.53   16.47   
723.87   593.95   322.16   24.91   
714.28   630.87   391.93   12.74   
314.28   433.41   285.73   27.72   
501.17   319.8   513.42   39.55   
376.97   724.64   539.29   14.28   
340.9   615.45   261.62   37.43   
346.2   519.73   279.81   20.58   
613.75   655.39   340.59   23.33   
677.41   337.32   534.9   15.16   
727.94   629.69   554.18   27.22   
387.33   715.52   673.33   14.29   
690.04   720.94   527.59   21.01   
724.23   538.26   325.99   33.78   
357.68   404.52   565.07   15.64   
440.39   268.97   321.47   37.4   
746.91   488.19   457.38   9.75   
477.67   431.22   365.27   16.5   
688.66   526.21   434.44   25.52   
310.13   531.25   423.65   15.46   
737.57   294.77   359.95   50   
528.99   583.12   300.04   23.79   
518.79   569.23   641.91   41.05   
312.93   478.98   662.79   18.79   
744.08   291.46   659.82   23.13   
261.95   525.98   645.97   29.92   
639.31   464.45   524.24   22.69   
548.56   450.03   311.04   23.8   
404.99   692.87   573.85   27.59   
617.3   649.94   307.07   19.81   
543.81   352.06   393.96   22.94   
442.13   641.76   398.36   28.21   
702.36   271.23   484.16   42.61   
658.93   682.13   393.31   23.28   
729.16   345.95   732.71   28.05   
539.21   628.32   657.44   23.72   
608.64   645.18   541.67   21.87   
454.45   392.72   664.56   26.71   
668.92   383.7   600.81   12.33   
561.69   618.32   331.39   25.11   
314.54   715.7   644.69   20.28   
298.03   382.22   748.94   35.44   
353.6   426.26   379.68   19.51   
729.41   609.97   392.14   20.55   
375.08   552.01   703.52   19.1   
639.77   298.65   336.4   18.79   
295.28   385.29   318.14   14.88   
676.07   475.86   531.77   13.39   
695.96   576.35   537.13   13.58   
286.01   360.88   281.49   25.63   
674.63   559.07   624   29.38   
472.26   318.29   503.6   27.19   
709.49   520.02   602.83   22.79   
565.01   428.72   275.15   23.51   
293.04   362.88   315.48   19.86   
621.29   262.58   459.66   24.68   
695.55   323.1   620.94   29.43   
568.04   372.32   666.04   19.16   
324.8   539.93   674.64   31.28   
398.59   560.17   435.67   13.94   
433.54   457.2   269.01   21.65   
591.97   288.74   655.95   25.03   
364.97   696.41   443.16   34.33   
256.8   350.22   727.32   23.51   
599.73   590.34   607.04   20.87   
642.71   658.05   676.57   24.45   
484.92   608.35   504.82   33.44   
602.15   466.51   486.63   29.81   
564.53   480.21   317.78   38.08   
532.03   535.71   452.03   21.1   
312.16   340.25   589.75   17.8   
511.25   546.01   544.89   18.31   
591.07   625.03   426.86   39.51   
431.72   263.43   568.57   10.08   
375.93   253.25   683.16   26.53   
627.64   675.73   424.74   22.64   
288.49   344.94   544.41   22.37   
459.02   337.62   737.02   24.93   
428.17   356.12   530.55   25.8   
671.77   481.1   349.4   13.05   
439.12   283.14   276.35   27.23   
462.75   543.48   467.26   18.44   
722.96   661.77   442.01   11.4   
559.54   563.67   388.58   15.66   
421.72   660.83   418.6   21.72   
322.64   486.49   524.28   23.65   
345.51   252.29   304.44   21.14   
562.29   356.4   601.38   19.77   
644.58   270.64   412.42   33.82   
436.59   254.61   743.28   26.83   
275.95   355.32   355.84   27.58   
627.56   579.84   573.44   29.85   
260.9   667   734.17   32   
687.06   566.9   294.87   19.28   
397.31   369.14   460.39   23.37   
652.06   289.33   373   19.27   
312.37   471.63   729.03   27.27   
401.8   644.75   374.1   38.65   
598.86   296.7   621.64   22.52   
619.25   522.94   527.69   13.53   
394.96   407.72   716.61   43.27   
707.24   748.57   580.44   24.24   
595.55   332.83   645.86   21.2   
481.33   539.51   648.13   22.02   
559.48   692.56   604.83   9.57   
628.75   588.56   450.26   24.17   
677.2   649.84   543.68   28.08   
708.29   326.12   579.43   23.16   
692.54   647.48   434.14   16.13   
501.57   360.43   386.1   19.85   
436.23   669.61   458.94   25.39   
528.17   440.8   674.24   22.26   
657.86   397.07   365.23   24.65   
691.13   492.27   564.15   20.66   
744.08   455.14   322.33   20.01   
369.69   719.58   313.26   14.31   
672.89   582.06   462.77   18.22   
336.27   562.18   270.79   17.79   
699.6   685.15   525.24   19.04   
395.09   735.84   257.78   11.26   
711.32   621.89   420.08   29.36   
665.53   518.49   280.53   25.41   
265.79   683.7   348.34   35.13   
454.28   740.55   436.24   22.21   
411.09   588.01   571.07   13.22   
290.76   471.75   542.15   10.33   
468.13   513.01   714.95   27.67   
439.43   746.71   390.46   28.13   
287.34   312.33   393.9   17.23   
278.71   735.37   444.21   22.6   
434.54   322.84   569.65   12.2   
734.35   268.37   565.31   22.14   
391.94   308.33   396.3   16.66   
366.54   559.87   526.3   16.94   
739.69   590.53   590.22   35.01   
455.73   479.67   459.82   34.87   
608.89   301.74   410.13   25.23   
352.84   538.61   632.88   28.05   
359.06   601.6   723.02   29.21   
647.72   677.87   747.18   17.78   
554.5   317.46   375.21   16.18   
475.4   294.03   493.94   21.07   
256.58   598.36   420.05   30.82   
340.26   263.78   669.96   28.03   
370.7   465.56   547.21   15.5   
367.57   632.02   622.24   15.04   
707.67   590.85   441.73   23.2   
656.57   421.89   487.16   39.36   
673.26   274.32   617.16   32.03   
565.52   597   579.33   30.86   
673.66   423.33   571.66   21.28   
295.95   300.14   259.32   18.65   
713.11   495.77   342.25   26.79   
630.45   531.26   449.09   20.74   
357.3   572.01   339.14   22.37   
638.44   433.64   254.04   22.46   
569.88   562.21   556.49   19.91   
303.08   720.79   274.67   33.02   
317.42   318.03   270.77   15.65   
268.42   542.02   509.84   25.87   
553.24   472.9   635.22   25.97   
643.98   515.97   604.72   19.8   
717.21   695.56   711.65   20.73   
300.43   666.42   681.53   31.76   
484.06   253.17   293.7   24.31   
332.22   503.26   711.38   23.73   
377.57   511.66   613.35   25.58   
564.25   689.12   735.29   17.16   
680.13   390.04   678.45   23.98   
551.51   355.05   312.22   24.48   
635.92   316.87   371.61   25.47   
692.77   564.71   429.51   23.92   
679.04   258.67   699.7   19.85   
439.18   577.59   664.17   22.4   
460.18   512.02   333.48   20.85   
406.9   362.14   318.71   18.97   
323.68   473.91   695.6   18.74   
479.1   437.34   517.4   14.61   
371.95   606.02   292.04   13.07   
351.27   322.29   507.68   26.83   
665.99   635.99   386.13   14.05   
481.66   421   477.23   23.4   
674.03   469.92   256.22   15.07   
465.37   308.56   664.8   35.04   
263.15   530.25   715.84   12.35   
330.62   289.97   478.18   22.71   
256.33   462.68   536.98   24.78   
598.29   471.6   653.28   17.6   
496.74   422.77   707.44   19.68   
635.33   330.38   535.6   31.72   
540.94   662.44   664.42   11.55   
324.14   379.54   439.7   26.29   
589.24   682.14   295.15   28.36   
281.78   654.75   652.16   12.05   
473.76   377.8   275.95   16.64   
304.18   421.83   374.18   18.3   
563.02   735.2   547.17   19.83   
721.73   306.29   676.18   15.24   
328.35   339.36   552.43   14.77   
445.12   289.86   465.55   25.07   
352   586.82   292.74   24.06   
268.87   282.99   655.24   30.71   
583.97   526.09   697.77   32.29   
554.85   531.85   545.7   31.14   
739.1   619.24   699.22   32.39   
550.73   496.7   408.61   28.77   
377.95   721.34   465.94   13.58   
312.92   327.19   413.25   27.46   
516.11   609.25   690.82   18.94   
338.83   718.36   343.43   11.17   
392.82   576.02   683.85   18.4   
435.48   695.84   556.38   14.4   
634.34   559.67   367.56   17.15   
492.61   373.26   418.47   21.85   
693.83   252.33   308.85   23.48   
391.35   268.5   569.01   13.62   
619.26   482.36   661.76   14.06   
460.54   709.36   359.55   18.55   
413.24   680.1   450.1   14.2   
580.57   558.86   350.6   24.08   
269.25   375.5   582.84   28.83   
302.38   449.05   311.87   18.98   
406.07   514.95   522.74   17.58   
705.05   269.11   593.64   27.86   
659.97   709.41   507.24   23.34   
533.71   747.6   388.53   30.99   
632.17   334.65   679.35   11.66   
460.39   266.46   698.33   20.16   
685.68   693.89   362.53   34.55   
387.15   738.22   553.58   15.02   
562.98   494.19   446.86   22.35   
513.58   738.05   593.73   31.18   
466.8   413.74   290.51   10.64   
477.2   617.47   268.22   21.69   
339.01   736.04   321.99   24.71   
324.29   395.28   663.84   22.96   
414.55   582.75   528.1   22.39   
714.62   507.44   377.45   14.98   
692.97   490.38   287.19   23.1   
745.35   307.71   633.93   27.42   
410.23   545.55   632.71   20.13   
262.47   373.65   542.41   15.73   
251.15   603.07   496.91   33.02   
585.5   583.6   423.57   29.69   
562.35   393.27   261.38   22.79   
269.81   300.76   327.87   47.66   
705.27   511.41   516.88   21.65   
473.98   510.47   424.76   19.71   
372.53   602.74   323.94   15   
259.24   363.77   459.9   14.37   
558.14   532.09   609.27   30.89   
341.05   523.33   437.03   20.86   
420.23   711.1   438.44   34.49   
516.59   568.14   423.37   22.48   
416.41   351.39   447.27   21.27   
417.95   530.73   577.63   15.95   
637.14   394.8   269.23   19.11   
439.39   323.85   724.04   18.72   
710.01   634.65   447.66   19.68   
341.12   343.9   358.22   19.51   
390.51   531.38   655.8   9.95   
316.2   634.23   287.79   31.3   
733.42   299.25   266.76   20.71   
467.77   403.28   561.26   21.85   
481.91   288.49   428.11   32.85   
494.23   252.66   678.69   13.72   
440.13   550.39   630.22   17.52   
590.76   737.85   263.18   27.15   
726.32   361.11   302.39   23.5   
504.61   307.14   376.06   24.26   
447.02   270.41   504.04   23.88   
306.61   412.06   261.22   21.82   
354.97   742.31   342.7   14.29   
633.04   703.73   305.61   35.77   
629.83   602.51   489.86   23.09   
288.61   280.82   564.27   44.84   
719.21   652.06   473.9   27.56   
596.62   282.27   694.81   25.79   
258.16   267.94   733.08   23.67   
667.02   422.39   548.51   14.99   
402.88   571.78   379.26   18.48   
743.26   705.16   255.17   25.55   
560.04   357.94   524.97   17.12   
728.83   299.87   586.33   19.91   
470.24   670.46   269.78   16.11   
325.94   555.5   655.01   25.67   
708.41   494.32   630.1   17.11   
749.01   270.33   495.46   19.65   
519.69   510.25   556.51   12.58   
252.63   656.05   585.26   23.35   
643.67   308.28   676.79   25.95   
479.27   299.58   597.23   14.17   
410.88   645.08   701.64   17.71   
583.92   302.09   550.06   22.1   
378.71   291.83   254.63   20.1   
457.87   523.43   403.61   15.27   
579.02   302.08   518.28   14.87   
646.9   358.86   331.59   18.54   
419.74   382.79   643.56   26.38   
664.38   251.7   502.89   14.28   
254.99   396   291.82   22.66   
687.48   468.1   335.5   18.64   
418.73   681.79   401.65   14.4   
444.5   436.17   500.56   18.4   
589.26   637.39   704.31   30.31   
638.51   588.66   611.89   13.8   
315.35   697.93   599.42   13.21   
518.3   402.48   600.08   11.9   
286.45   390.66   443.88   11.87   
433.02   699.69   385.72   13.14   
622.72   264.75   328.21   24.31   
329.92   600.6   669.64   12.83   
323.66   690.99   283.04   9.68   
398.46   567.91   342.39   14.4   
365.52   377.87   507.86   21.89   
307.31   265.55   385.16   16.21   
740.04   688.3   297.38   25.78   
726.16   537.65   641.68   24.67   
358.11   640.69   724.5   25.29   
347.32   258.35   427.5   34.08   
255.54   499.15   619.84   14.89   
449.29   421.83   265.18   21.4   
642.51   601.14   391.59   12.3   
387.49   534.11   451.62   23.12   
626.5   511.29   351.58   33.87   
312.3   739.31   328.57   15.28   
552.74   278.1   591.78   25.38   
600.86   706.73   514.4   14.56   
687.49   422.64   532.41   13.76   
326.44   672.05   511.47   15.82   
648.56   391.45   551.66   11.37   
605.14   602.45   624.41   16.97   
711.71   395.22   619.71   23.79   
456.76   436.94   693.16   21.26   
459.52   363.58   735.99   9.57   
634.38   517.51   394.62   14.21   
723.83   548   744.25   18.43   
627.97   265.27   749.64   29.12   
445.17   412.82   367.22   13.72   
365.3   694.46   477.56   15.18   
445.36   436   426.63   15.96   
587.03   558.48   598.09   25.13   
262.38   391.99   522.49   13.93   
400.14   296.28   366.45   14.84   
285.62   715.04   636.63   23.34   
622.53   275.17   363.98   16.97   
657.36   288.98   523.72   17.15   
289.9   433.37   717.61   29.62   
617.79   386.1   659.5   19.34   
597.57   564.53   569.5   17.01   
527.53   336.24   487.66   15.47   
640.34   336.59   589.49   29.49   
678.04   446.32   447.03   16.34   
453.51   739.59   603.13   16.55   
668.23   492.7   375.07   18.22   
659.21   508.91   579.47   27.53   
294.56   641.15   435.06   22.25   
359.41   302.29   700.7   12.81   
673.03   329.77   745.16   12.51   
635.28   269.53   610.28   32.98   
685.91   546.76   531.24   17.96   
687.47   484.14   711.51   14.87   
582.43   578.19   307.21   17.08   
639.99   612.44   459.54   17.67   
551.29   269.74   743.7   22.12   
359.02   503.3   722.81   17.93   
256.6   632.28   748.5   25.24   
609.73   702.26   371.9   10.44   
376.91   256.05   289.81   18.1   
306.08   280.15   401.1   12.22   
450.53   705.65   650.27   20.05   
731.52   374.92   581.64   30.46   
381.07   354.93   534   20.31   
544.27   722.95   540.89   15.59   
531.94   482.61   743.22   15.45   
527.25   391.29   718.46   17.74   
311.12   383.72   523.9   11.82   
357.28   323.22   734.11   18.27   
347.11   688.1   586.93   25.16   
396.55   387.64   663.08   27.59   
681.72   722.95   647.06   13.72   
580.58   730.28   608.44   17.86   
318.18   407.87   370.29   27.37   
703.89   712.33   493.82   14.65   
367.64   617.99   340.56   17.1   
587.11   267.49   605.73   16.22   
597.72   628.63   624.46   16.68   
325.56   325.69   615.81   13.58   
674.83   683.92   453.02   33.46   
503.66   726.52   269.16   28.94   
407.69   701.43   401.62   19.32   
389.88   358.89   738.21   13.53   
591.23   312.41   376.61   19.93   
733.48   407.7   584.76   25.02   
694.02   561.77   490.95   12.71   
314.99   400.81   495.79   17.05   
581.62   380.08   708.75   16.55   
506.5   482.46   269.68   17.2   
418.81   560.6   325.42   11.41   
352.12   422.23   413.86   25.35   
412.86   684.5   477.32   18.27   
367.53   325.45   345.95   23.31   
415.37   630.72   749.34   18.84   
598.35   434.81   741.42   18.77   
488.6   558.1   394.95   26.03   
724.71   743.66   315.24   22.69   
528.2   726.74   567.71   16.75   
526.02   390.05   561.17   23.08   
628.41   555.53   637.32   29.47   
496.72   615.18   637.83   17.93   
471.85   519.49   634.53   16.04   
369.4   575.59   432.37   15.73   
732.17   342.42   542.26   22.94   
514.98   468.27   501.26   13.7   
277.79   483.53   504.9   16.42   
404.47   370.45   710.89   19.31   
573.24   300.18   595.05   20.95   
658.97   642.37   371.26   17.91   
389.62   676.1   737.9   23.05   
697.45   575.12   561.72   15.5   
693.71   360.01   252.01   17.56   
570.46   597.64   604.3   22.39   
711.66   741.26   438.98   19.47   
285.89   551.87   629.64   18.54   
478.15   509.36   319.79   13.06   
463.51   718.26   305.55   28.63   
263.32   330.66   278.64   10.22   
439.05   313.93   527.21   25.33   
523.57   415.15   301.94   20.08   
440.45   725.77   360.22   9.69   
676.94   666.37   706.72   25.72   
559.45   451.46   376.58   27.23   
316.69   252.87   685.55   20.72   
699.19   621.51   324.79   21.63   
474.85   525.8   676.39   19.12   
527.22   388.01   338.09   26.79   
583.88   622.71   726.8   17.29   
299.72   642.56   643.99   13.99   
400.49   554.35   463.84   18.16   
354.57   344.32   739.96   16.76   
368.42   566.52   482.51   20.39   
384.68   610.38   578.23   18.21   
289.36   330.7   280.02   17.43   
701.54   429.18   651.86   30.56   
420.57   677.21   653.66   27.57   
471.92   530.08   612.2   17.48   
347.17   715.85   728.67   26.81   
447.27   689.36   384.66   14.64   
713.8   375.24   690.99   19.42   
511.1   571.67   357.4   40.79   
386.18   497.54   476.17   12.02   
450.5   497.02   428.21   15.4   
348.17   467.71   536.12   21.27   
547.24   501.3   684.22   27.07   
692.65   505.76   543.09   19.03   
515.09   368.31   702.69   28.22   
665.44   255.84   461.53   17.12   
316.62   352.2   569.29   12.64   
544.55   426.96   313.65   21.45   
486.78   681.99   387.3   23.77   
554.54   577.47   524.94   16.94   
274.23   468.54   628.55   12.33   
614.21   390.08   599.63   14.04   
340.56   503.04   510.71   24.42   
512.18   397.85   426.6   18.64   
534.62   622.19   324.67   29.53   
386.02   480.43   604.11   15.73   
550.8   530.85   652.06   26.3   
564.66   580.62   276.4   22.33   
308.01   663.13   607.4   33.55   
572.06   369.3   510.63   9.03   
392.94   592.92   326.62   10.57   
627.45   388.99   490.73   17.17   
374.85   564   683.35   12.08   
534.79   721.4   453.87   26.84   
556.9   284.36   679.26   30.07   
402.78   587.2   265.5   13.48   
521.7   394.28   309.54   19.19   
331.54   684.67   411.84   18.48   
366.59   448.79   668.6   23.11   
478.79   655.47   371.62   19.54   
439.64   680.07   584.12   19.24   
485.67   740.58   572.89   15.77   
270.17   658.99   325.87   21.35   
268.78   277.7   618.07   25.58   
485.18   487.22   421.72   10.17   
283.98   604.38   514.87   18.17   
741.08   463.3   434.8   25.87   
681.85   586.45   405.24   17.17   
278.9   421.88   535.48   15.02   
555.53   410.37   568.43   14.1   
694.91   629.95   627.36   16.12   
437.6   253.41   688.78   14.94   
736.8   567.04   302.32   22.02   
374.16   698.33   599.73   15.53   
443.96   253.23   368.29   15.35   
589.05   541.14   421.24   14.74   
636.13   360.98   609.94   23.83   
543.5   655.33   703.43   33.34   
397.72   326.41   682.26   17.87   
377.35   539.42   745.44   11.57   
639.1   603.03   305.81   32.77   
450.47   281.07   321.92   30.27   
289.71   425.34   360.52   16.09   
297.13   337.01   307.87   12.96   
373.57   433.49   432.99   23.6   
661.4   261.98   355.6   23.51   
610.8   615.73   397.73   14.51   
533.76   676.07   476.46   26.31   
370.55   557.81   439.83   18.62   
615.12   302.44   452.57   14.77   
743.31   589.69   552.64   22.33   
335.04   522.42   618.81   20.5   
475.36   709.51   575.95   17.98   
293.16   589.01   608   17.74   
401.86   615.89   436.15   14.26   
531.66   743.42   714.15   18.83   
444.6   438   350.4   24.1   
536.77   664.62   358.8   29.11   
333.42   369.89   582.42   16.52   
358.99   353.88   517.32   13.28   
384.98   577.1   501.01   18.46   
293.12   675.63   638.06   15.54   
455.56   729.32   728.79   25.04   
707.56   485.35   744.51   19.38   
624.88   612.06   658.98   22.23   
389.21   737.88   620.91   17.82   
527.88   738.68   522.38   16.94   
390.89   688.36   616.19   21.04   
666.46   588.55   362.53   23.8   
312.38   329.23   252.57   21.18   
445.76   697.31   283.7   18.28   
275.3   489.43   539.67   22.66   
413.91   343.47   554.03   14.72   
543.49   695.69   733.39   14.28   
681.99   279.08   564.7   17.53   
367.24   665.09   718.49   17.75   
272.39   263.95   514.8   25.44   
730   392.16   667.67   14.43   
721.63   472.75   595.79   11.83   
347.42   330.97   475.48   10.98   
387.46   363.83   375.38   14.76   
451.67   610.66   567.17   29.5   
705.34   297.14   257.98   20.8   
322.75   435.41   583.04   18.52   
316.11   725.43   517.26   23.39   
748.57   525.08   725.46   27.04   
620.95   633.5   614.77   23.22   
281.41   516.83   670.8   18.86   
569.93   612.23   548.5   15.32   
363.9   585.62   630.28   22.38   
598.33   360.6   496.38   22.92   
288.95   343.58   649.79   20.93   
399.75   639.83   609.65   24.49   
635.45   256.59   696.78   23.64   
723.89   466.23   568.35   16.82   
475.8   267.88   591.9   22.22   
346.23   366.71   727.7   11.67   
663.21   418.82   409.01   31.4   
742.82   738.34   516.15   17.83   
473.69   693.35   428.66   29.28   
522.71   678.8   625.43   14.96   
589.51   390.29   566.78   27.24   
456.8   628.75   466.83   25.64   
321.31   513.32   591.76   26.34   
564.76   640.3   524.04   17.86   
618.54   267.74   714.8   25.41   
401.24   692.92   319.37   26.36   
652.68   715.17   536.76   13.68   
715.73   659.63   720.88   24.72   
627.9   485.5   535.67   18.92   
631.79   682.19   400.78   14.31   
444.21   327.69   685.91   16.68   
301.05   518.85   626.18   20.88   
566   322.05   606.62   15.89   
659.75   300.89   637.39   19.23   
550.44   454.63   269.41   13.19   
445.09   624.17   293.93   25.29   
650.37   448.26   302.09   39.75   
587.02   443.68   486.94   27.75   
500.96   652.74   722.55   20.96   
612.19   336.45   356.33   15.35   
402.82   437.91   380.12   22.35   
265.86   408.79   325.93   17.82   
607.61   615.72   435.78   26.76   
686.93   645.74   455.81   17   
615.53   545.38   464.95   16.55   
463.37   630.41   426.27   30.31   
600.75   643.43   719.05   10.62   
408.89   731.17   329.07   29.84   
662.97   749.57   278.9   35.97   
323.23   351.39   284.04   15.77   
649.69   570.59   520.29   28.81   
314.91   684.64   539.14   21.12   
678.79   710.76   456.88   10.68   
486.79   607.77   677.33   9.28   
547.83   398.68   283.74   24.18   
426.28   572.55   417.45   15.64   
694.4   410.19   608.4   26.15   
389   629.27   734.69   21.95   
655.54   535.91   636.06   10.72   
559.73   438.61   411.06   17.53   
626.95   665.24   524.27   29.03   
594.18   640.97   280.06   23.11   
323.94   376.04   295.86   18.93   
347.82   375.65   375.47   21.81   
328.33   694.77   523.02   12.65   
496.72   448.31   483.36   9.51   
670.57   465.52   593.98   17.65   
647.44   357.57   280.57   25.18   
415.8   530.58   320.73   12.73   
713.25   741.97   399.1   19.22   
291.85   586.95   747.57   17.57   
471.34   563.35   740.67   11.01   
332.55   714.2   471.14   27.2   
537.87   720.84   717.99   17.1   
524.14   390.2   611.17   15.2   
495.79   722.75   377.5   19.97   
727.8   548.06   612.47   18.45   
700.06   703.41   301.13   14.84   
680.16   305.16   456.73   15.46   
558.54   399.11   371.85   26.56   
309.93   489.57   550.7   10.42   
715.47   280.61   290.38   28.31   
265.47   286.21   486.24   23.2   
739.06   428.06   426.88   16.63   
473.47   459.44   669.59   15.77   
506.38   460.17   455.95   21.52   
