# step Omega_matter_LCDM H0 rs  log(Likelihood) log(Prior)  log(Posterior)
     0  0.2133293900  54.5849728747  162.1735652797  -111.2409460123  -7.3299673613 -118.5709133736
     1  0.2007364911  78.7597486642  135.9485841791  -3.5809933627  -6.8433271999 -10.4243205626
     2  0.3907611678  50.0109539853  150.8699080502  -236.0544226297  -6.2768849886 -242.3313076184
     3  0.4381623348  85.6652989450  158.5784470713  -331.9180171804  -6.8564698969 -338.7744870772
     4  0.3542003986  57.0870475100  162.0397493780  -24.0902069238  -7.3100271614 -31.4002340853
     5  0.1949986676  69.9098121361  141.2955967203  -29.0164379127  -6.3843744850 -35.4008123977
     6  0.2720102457  50.9535143325  138.6814994686  -480.1478114723  -6.5730310276 -486.7208425000
     7  0.4651462828  50.1781014562  148.4416319544  -215.3161636494  -6.2173841827 -221.5335478322
     8  0.2692976682  73.1545457434  164.8260239358  -53.3182628868  -7.7621684114 -61.0804312982
     9  0.2756678105  75.2565715958  140.0234842851  -0.9876012588  -6.4676456717 -7.4552469306
    10  0.2133293900  54.5849728747  162.1735652797  -111.2409460123  -7.3299673613 -118.5709133736
    11  0.2007364911  78.7597486642  135.9485841791  -3.5809933627  -6.8433271999 -10.4243205626
    12  0.3907611678  50.0109539853  150.8699080502  -236.0544226297  -6.2768849886 -242.3313076184
    13  0.4381623348  85.6652989450  158.5784470713  -331.9180171804  -6.8564698969 -338.7744870772
    14  0.3542003986  57.0870475100  162.0397493780  -24.0902069238  -7.3100271614 -31.4002340853
    15  0.1929691276  71.6065469364  138.9840308233  -25.8503951913  -6.5477010645 -32.3980962558
    16  0.2674718701  51.2343712220  140.4983750999  -437.1020214641  -6.4346668357 -443.5366882998
    17  0.4651462828  50.1781014562  148.4416319544  -215.3161636494  -6.2173841827 -221.5335478322
    18  0.2692976682  73.1545457434  164.8260239358  -53.3182628868  -7.7621684114 -61.0804312982
    19  0.2756678105  75.2565715958  140.0234842851  -0.9876012588  -6.4676456717 -7.4552469306
    20  0.2193156418  56.5700311254  160.0465309063  -84.2035485299  -7.0342115430 -91.2377600730
    21  0.2365931480  77.0833839726  137.8985337609  -1.4359951881  -6.6428357263 -8.0788309145
    22  0.4021404793  50.0365239282  150.4984344004  -232.4957653401  -6.2639624145 -238.7597277546
    23  0.4381623348  85.6652989450  158.5784470713  -331.9180171804  -6.8564698969 -338.7744870772
    24  0.3158188584  65.9671103676  151.2796536819  -3.4974277384  -6.2927394486 -9.7901671869
    25  0.1352479189  77.5588333724  135.8066105580  -21.5081070361  -6.8594097466 -28.3675167827
    26  0.2905651906  51.0289612780  142.2132110657  -394.3886219205  -6.3343550064 -400.7229769269
    27  0.4327013487  51.0217136928  149.9732562474  -188.7291863117  -6.2480473817 -194.9772336934
    28  0.2572482002  74.6020646316  154.9050120830  -23.2178250874  -6.5061604563 -29.7239855438
    29  0.2797539971  74.4417408292  140.3619178894  -0.8428813043  -6.4439122106 -7.2867935150
    30  0.1564805432  61.4567100705  175.7737660767  -9.3710615513  -10.2904899214 -19.6615514726
    31  0.2365931480  77.0833839726  137.8985337609  -1.4359951881  -6.6428357263 -8.0788309145
    32  0.4021404793  50.0365239282  150.4984344004  -232.4957653401  -6.2639624145 -238.7597277546
    33  0.3880598907  82.6014417176  157.5611242867  -210.9407693978  -6.7459444211 -217.6867138189
    34  0.3158188584  65.9671103676  151.2796536819  -3.4974277384  -6.2927394486 -9.7901671869
    35  0.1954743105  78.7601139223  140.9891019249  -4.4749169870  -6.4029575388 -10.8778745258
    36  0.2492104294  54.2451166676  152.5640511198  -176.7795192894  -6.3533169435 -183.1328362329
    37  0.3945301486  52.4637351719  153.5386517681  -134.0722563311  -6.4102912457 -140.4825475767
    38  0.2101685879  68.4604293580  164.6550933796  -7.2905501223  -7.7321955335 -15.0227456558
    39  0.2846493203  74.9573905483  138.9556748152  -0.8538900258  -6.5500363479 -7.4039263737
    40  0.1564805432  61.4567100705  175.7737660767  -9.3710615513  -10.2904899214 -19.6615514726
    41  0.2363433798  77.0935689365  137.9173068050  -1.4411076153  -6.6410902991 -8.0821979144
    42  0.4021404793  50.0365239282  150.4984344004  -232.4957653401  -6.2639624145 -238.7597277546
    43  0.3320054173  71.1538001190  155.5437718069  -20.4960659240  -6.5573822990 -27.0534482230
    44  0.3061859698  68.7455399906  147.4709505861  -1.8781239674  -6.2100957981 -8.0882197655
    45  0.1954743105  78.7601139223  140.9891019249  -4.4749169870  -6.4029575388 -10.8778745258
    46  0.2492104294  54.2451166676  152.5640511198  -176.7795192894  -6.3533169435 -183.1328362329
    47  0.3747803547  58.3673979962  154.1720124689  -35.5788864723  -6.4524090563 -42.0312955286
    48  0.2101685879  68.4604293580  164.6550933796  -7.2905501223  -7.7321955335 -15.0227456558
    49  0.3296901992  72.9655992488  139.9238581746  -1.5470227499  -6.4748504005 -8.0218731504
    50  0.1564805432  61.4567100705  175.7737660767  -9.3710615513  -10.2904899214 -19.6615514726
    51  0.2398851727  76.9491429090  137.6510990696  -1.3842610635  -6.6661703578 -8.0504314213
    52  0.3314035654  51.9831842652  151.4538735194  -200.9966782491  -6.2999893018 -207.2966675509
    53  0.3507654978  65.5459851663  154.9421504553  -2.2295540993  -6.5090268488 -8.7385809481
    54  0.3061859698  68.7455399906  147.4709505861  -1.8781239674  -6.2100957981 -8.0882197655
    55  0.1954743105  78.7601139223  140.9891019249  -4.4749169870  -6.4029575388 -10.8778745258
    56  0.2492104294  54.2451166676  152.5640511198  -176.7795192894  -6.3533169435 -183.1328362329
    57  0.3902402506  60.6427918530  155.1407827714  -12.3946937310  -6.5245917322 -18.9192854632
    58  0.2101685879  68.4604293580  164.6550933796  -7.2905501223  -7.7321955335 -15.0227456558
    59  0.3248075958  73.1821802648  139.8002906885  -1.4269841583  -6.4839244113 -7.9109085696
    60  0.1358565073  61.5285200449  177.5941627342  -12.4077565859  -10.8271160155 -23.2348726014
    61  0.2398851727  76.9491429090  137.6510990696  -1.3842610635  -6.6661703578 -8.0504314213
    62  0.3314035654  51.9831842652  151.4538735194  -200.9966782491  -6.2999893018 -207.2966675509
    63  0.3446257881  66.3086038381  154.9112561578  -2.4714177900  -6.5066414184 -8.9780592083
    64  0.2655505525  68.6248786134  154.7434339602  -1.1693503037  -6.4938501679 -7.6632004716
    65  0.2021706737  80.6955930184  136.8775652607  -3.8402297341  -6.7430681789 -10.5832979130
    66  0.2805667490  58.2095367017  153.3354123809  -70.1836678971  -6.3976261938 -76.5812940908
    67  0.3902402506  60.6427918530  155.1407827714  -12.3946937310  -6.5245917322 -18.9192854632
    68  0.2101685879  68.4604293580  164.6550933796  -7.2905501223  -7.7321955335 -15.0227456558
    69  0.3277217525  72.1714584889  142.0222754177  -1.5343520358  -6.3440692309 -7.8784212667
    70  0.1358565073  61.5285200449  177.5941627342  -12.4077565859  -10.8271160155 -23.2348726014
    71  0.2398851727  76.9491429090  137.6510990696  -1.3842610635  -6.6661703578 -8.0504314213
    72  0.3314035654  51.9831842652  151.4538735194  -200.9966782491  -6.2999893018 -207.2966675509
    73  0.3410737231  65.8595116692  154.8238758351  -1.9163295793  -6.4999462269 -8.4162758062
    74  0.2295089631  70.9321028484  154.6285801839  -3.2978142828  -6.4852584528 -9.7830727356
    75  0.2021706737  80.6955930184  136.8775652607  -3.8402297341  -6.7430681789 -10.5832979130
    76  0.2798820648  58.2252401896  153.4501905987  -69.5368054727  -6.4047279383 -75.9415334110
    77  0.3902402506  60.6427918530  155.1407827714  -12.3946937310  -6.5245917322 -18.9192854632
    78  0.2101685879  68.4604293580  164.6550933796  -7.2905501223  -7.7321955335 -15.0227456558
    79  0.3541808107  70.7322741454  143.3390071248  -2.3402653438  -6.2844897867 -8.6247551304
    80  0.1358565073  61.5285200449  177.5941627342  -12.4077565859  -10.8271160155 -23.2348726014
    81  0.2769589142  73.2663438210  138.4114907797  -3.3989635808  -6.5964109280 -9.9953745088
    82  0.3390739253  58.2970411879  148.7211485877  -74.8168887952  -6.2212301959 -81.0381189911
    83  0.3328654659  62.8079651204  162.0162254822  -1.6334300929  -7.3065403206 -8.9399704134
    84  0.2295089631  70.9321028484  154.6285801839  -3.2978142828  -6.4852584528 -9.7830727356
    85  0.2099534207  77.9160930728  141.9309779395  -3.9516341688  -6.3488430046 -10.3004771733
    86  0.2798820648  58.2252401896  153.4501905987  -69.5368054727  -6.4047279383 -75.9415334110
    87  0.3902402506  60.6427918530  155.1407827714  -12.3946937310  -6.5245917322 -18.9192854632
    88  0.2153866663  69.1272926409  161.9499166919  -6.1275750563  -7.2967414514 -13.4243165077
    89  0.3407425782  70.7538134474  144.5558969888  -2.0027451984  -6.2448436757 -8.2475888741
    90  0.1684158054  61.4151531769  174.7202908343  -8.0020223054  -9.9950787172 -17.9971010226
    91  0.2745213446  73.1024838762  139.3433481071  -2.8728666027  -6.5188056691 -9.3916722718
    92  0.3390739253  58.2970411879  148.7211485877  -74.8168887952  -6.2212301959 -81.0381189911
    93  0.3328654659  62.8079651204  162.0162254822  -1.6334300929  -7.3065403206 -8.9399704134
    94  0.2295089631  70.9321028484  154.6285801839  -3.2978142828  -6.4852584528 -9.7830727356
    95  0.2099534207  77.9160930728  141.9309779395  -3.9516341688  -6.3488430046 -10.3004771733
    96  0.2798820648  58.2252401896  153.4501905987  -69.5368054727  -6.4047279383 -75.9415334110
    97  0.4380128520  62.8329552258  161.1346199962  -10.3767108777  -7.1798537542 -17.5565646319
    98  0.2153866663  69.1272926409  161.9499166919  -6.1275750563  -7.2967414514 -13.4243165077
    99  0.3407425782  70.7538134474  144.5558969888  -2.0027451984  -6.2448436757 -8.2475888741
   100  0.1684158054  61.4151531769  174.7202908343  -8.0020223054  -9.9950787172 -17.9971010226
   101  0.2745213446  73.1024838762  139.3433481071  -2.8728666027  -6.5188056691 -9.3916722718
   102  0.3390739253  58.2970411879  148.7211485877  -74.8168887952  -6.2212301959 -81.0381189911
   103  0.3328654659  62.8079651204  162.0162254822  -1.6334300929  -7.3065403206 -8.9399704134
   104  0.2295089631  70.9321028484  154.6285801839  -3.2978142828  -6.4852584528 -9.7830727356
   105  0.2099534207  77.9160930728  141.9309779395  -3.9516341688  -6.3488430046 -10.3004771733
   106  0.2798820648  58.2252401896  153.4501905987  -69.5368054727  -6.4047279383 -75.9415334110
   107  0.4380128520  62.8329552258  161.1346199962  -10.3767108777  -7.1798537542 -17.5565646319
   108  0.2725362889  66.0531449297  161.9821737660  -2.0587232866  -7.3015027911 -9.3602260778
   109  0.3407425782  70.7538134474  144.5558969888  -2.0027451984  -6.2448436757 -8.2475888741
   110  0.1992877571  62.7903279048  170.9434111833  -3.5583841553  -9.0271999707 -12.5855841259
   111  0.2745213446  73.1024838762  139.3433481071  -2.8728666027  -6.5188056691 -9.3916722718
   112  0.3390739253  58.2970411879  148.7211485877  -74.8168887952  -6.2212301959 -81.0381189911
   113  0.3328654659  62.8079651204  162.0162254822  -1.6334300929  -7.3065403206 -8.9399704134
   114  0.2295089631  70.9321028484  154.6285801839  -3.2978142828  -6.4852584528 -9.7830727356
   115  0.2027648836  80.4833792073  137.2633914830  -3.8500659447  -6.7039648438 -10.5540307885
   116  0.2798820648  58.2252401896  153.4501905987  -69.5368054727  -6.4047279383 -75.9415334110
   117  0.4380128520  62.8329552258  161.1346199962  -10.3767108777  -7.1798537542 -17.5565646319
   118  0.2826532834  64.8738355444  159.9658454687  -0.9079255866  -7.0238832024 -7.9318087890
   119  0.3426808731  72.7090219521  140.2594919530  -1.9882802681  -6.4509742064 -8.4392544745
   120  0.2375649288  63.7469676959  165.9030763305  -1.5388515364  -7.9577515544 -9.4966030908
   121  0.2745213446  73.1024838762  139.3433481071  -2.8728666027  -6.5188056691 -9.3916722718
   122  0.3396300190  60.5189783888  147.4165902508  -50.3518262471  -6.2099662402 -56.5617924874
   123  0.3417526810  63.5766523218  163.4530565121  -3.4565101973  -7.5296687159 -10.9861789132
   124  0.2334887328  69.5107833768  157.2126830725  -2.9491154550  -6.7104680014 -9.6595834564
   125  0.2082061971  79.9236837516  137.4211152033  -3.2532637281  -6.6884082607 -9.9416719888
   126  0.3009891084  60.0508643100  156.8626493729  -25.3233589747  -6.6760518921 -31.9994108668
   127  0.4380128520  62.8329552258  161.1346199962  -10.3767108777  -7.1798537542 -17.5565646319
   128  0.2826532834  64.8738355444  159.9658454687  -0.9079255866  -7.0238832024 -7.9318087890
   129  0.3537438313  72.6451592330  140.4081910608  -2.5695431463  -6.4407562025 -9.0102993488
   130  0.2662580126  65.9445831799  159.6065210812  -0.8886868691  -6.9786775195 -7.8673643886
   131  0.2745213446  73.1024838762  139.3433481071  -2.8728666027  -6.5188056691 -9.3916722718
   132  0.3085177070  65.1127060547  145.0503347782  -22.3777730535  -6.2329656832 -28.6107387367
   133  0.3037756286  68.2253113587  156.0502678325  -3.6413069450  -6.6008983152 -10.2422052602
   134  0.2582477004  68.7023890846  157.6874589056  -2.8867011815  -6.7591070390 -9.6458082205
   135  0.2082061971  79.9236837516  137.4211152033  -3.2532637281  -6.6884082607 -9.9416719888
   136  0.3009891084  60.0508643100  156.8626493729  -25.3233589747  -6.6760518921 -31.9994108668
   137  0.4380128520  62.8329552258  161.1346199962  -10.3767108777  -7.1798537542 -17.5565646319
   138  0.2826532834  64.8738355444  159.9658454687  -0.9079255866  -7.0238832024 -7.9318087890
   139  0.3549421518  72.6946345606  140.1913644629  -2.5914560472  -6.4557295124 -9.0471855596
   140  0.2662580126  65.9445831799  159.6065210812  -0.8886868691  -6.9786775195 -7.8673643886
   141  0.2521111515  75.4076043846  138.6937588018  -1.4172951951  -6.5719868010 -7.9892819960
   142  0.3139147978  65.9941459155  144.4854534139  -16.9905297028  -6.2467349192 -23.2372646220
   143  0.3037756286  68.2253113587  156.0502678325  -3.6413069450  -6.6008983152 -10.2422052602
   144  0.2677697039  67.2086529893  158.5763868552  -1.4736424267  -6.8562356095 -8.3298780362
   145  0.2082061971  79.9236837516  137.4211152033  -3.2532637281  -6.6884082607 -9.9416719888
   146  0.3009891084  60.0508643100  156.8626493729  -25.3233589747  -6.6760518921 -31.9994108668
   147  0.4380128520  62.8329552258  161.1346199962  -10.3767108777  -7.1798537542 -17.5565646319
   148  0.2826532834  64.8738355444  159.9658454687  -0.9079255866  -7.0238832024 -7.9318087890
   149  0.3549421518  72.6946345606  140.1913644629  -2.5914560472  -6.4557295124 -9.0471855596
   150  0.2662580126  65.9445831799  159.6065210812  -0.8886868691  -6.9786775195 -7.8673643886
   151  0.2521111515  75.4076043846  138.6937588018  -1.4172951951  -6.5719868010 -7.9892819960
   152  0.3213755835  69.4246438689  137.3412613284  -15.7909326192  -6.6962533055 -22.4871859247
   153  0.2712745247  65.3863860442  166.1238830541  -4.2990539424  -7.9992809732 -12.2983349156
   154  0.2677697039  67.2086529893  158.5763868552  -1.4736424267  -6.8562356095 -8.3298780362
   155  0.2082061971  79.9236837516  137.4211152033  -3.2532637281  -6.6884082607 -9.9416719888
   156  0.2980421141  60.6858534916  157.0146802319  -20.2164576962  -6.6908493991 -26.9073070954
   157  0.4380128520  62.8329552258  161.1346199962  -10.3767108777  -7.1798537542 -17.5565646319
   158  0.2826532834  64.8738355444  159.9658454687  -0.9079255866  -7.0238832024 -7.9318087890
   159  0.3549421518  72.6946345606  140.1913644629  -2.5914560472  -6.4557295124 -9.0471855596
   160  0.2662580126  65.9445831799  159.6065210812  -0.8886868691  -6.9786775195 -7.8673643886
   161  0.2521111515  75.4076043846  138.6937588018  -1.4172951951  -6.5719868010 -7.9892819960
   162  0.3145089808  68.6176517070  141.3532655190  -10.5051950372  -6.3809829785 -16.8861780157
   163  0.2578677630  68.4766548438  160.0223867694  -4.8519580461  -7.0311140869 -11.8830721329
   164  0.2744660902  67.6300734335  157.1640918624  -1.4891176367  -6.7056171658 -8.1947348025
   165  0.2277252296  76.3021961759  143.2370588380  -2.8237368941  -6.2884835148 -9.1122204089
   166  0.3001402384  61.6964828053  155.0191825688  -18.1171267608  -6.5150162710 -24.6321430318
   167  0.4380128520  62.8329552258  161.1346199962  -10.3767108777  -7.1798537542 -17.5565646319
   168  0.2812565031  65.3440649134  159.4878508676  -0.8471848509  -6.9640315418 -7.8112163927
   169  0.3426163530  71.7564761087  142.8897873710  -2.2264955830  -6.3028675536 -8.5293631366
   170  0.2662580126  65.9445831799  159.6065210812  -0.8886868691  -6.9786775195 -7.8673643886
   171  0.2521111515  75.4076043846  138.6937588018  -1.4172951951  -6.5719868010 -7.9892819960
   172  0.3469019621  67.1004234397  146.5415809779  -4.4752403905  -6.2119468520 -10.6871872425
   173  0.2469545425  71.3099222893  153.9451940012  -4.3391423830  -6.4368648139 -10.7760071969
   174  0.2729863786  68.1282218359  156.6577171810  -1.8100594456  -6.6564711449 -8.4665305905
   175  0.2322229326  75.9549233499  143.3617707577  -2.5149048612  -6.2836122373 -8.7985170984
   176  0.2915739254  63.2448639972  154.8462014312  -10.4180841656  -6.5016495806 -16.9197337462
   177  0.3586314292  66.3549884116  158.1475378534  -7.1524444350  -6.8083909698 -13.9608354048
   178  0.2812565031  65.3440649134  159.4878508676  -0.8471848509  -6.9640315418 -7.8112163927
   179  0.3426163530  71.7564761087  142.8897873710  -2.2264955830  -6.3028675536 -8.5293631366
   180  0.2662580126  65.9445831799  159.6065210812  -0.8886868691  -6.9786775195 -7.8673643886
   181  0.2489371876  76.3858452744  137.3946288896  -1.3637503125  -6.6910032750 -8.0547535875
   182  0.3469019621  67.1004234397  146.5415809779  -4.4752403905  -6.2119468520 -10.6871872425
   183  0.2469545425  71.3099222893  153.9451940012  -4.3391423830  -6.4368648139 -10.7760071969
   184  0.2729863786  68.1282218359  156.6577171810  -1.8100594456  -6.6564711449 -8.4665305905
   185  0.2247178880  78.1622943857  139.7796555910  -2.7449626248  -6.4854545999 -9.2304172248
   186  0.2915739254  63.2448639972  154.8462014312  -10.4180841656  -6.5016495806 -16.9197337462
   187  0.3445792182  66.6459316713  157.9030955386  -5.9237466307  -6.7819426099 -12.7056892406
   188  0.2835763496  64.9405931415  159.8627015297  -0.8914532753  -7.0107748097 -7.9022280850
   189  0.3183156014  72.9573530581  141.4643211969  -1.3938761135  -6.3745454746 -7.7684215881
   190  0.2768967123  62.8155468110  164.6843120157  -1.1490687808  -7.7372983532 -8.8863671340
   191  0.2489371876  76.3858452744  137.3946288896  -1.3637503125  -6.6910032750 -8.0547535875
   192  0.3469019621  67.1004234397  146.5415809779  -4.4752403905  -6.2119468520 -10.6871872425
   193  0.2469545425  71.3099222893  153.9451940012  -4.3391423830  -6.4368648139 -10.7760071969
   194  0.2729863786  68.1282218359  156.6577171810  -1.8100594456  -6.6564711449 -8.4665305905
   195  0.2503736872  70.6164540960  152.0250228218  -1.5930670586  -6.3258852645 -7.9189523231
   196  0.2915739254  63.2448639972  154.8462014312  -10.4180841656  -6.5016495806 -16.9197337462
   197  0.3617662772  65.8248249047  158.5998936242  -6.4359719554  -6.8589113149 -13.2948832702
   198  0.2801262495  66.0805533194  157.6248558460  -0.8551456521  -6.7525645694 -7.6077102215
   199  0.3183156014  72.9573530581  141.4643211969  -1.3938761135  -6.3745454746 -7.7684215881
   200  0.2920694167  66.5307268206  156.1782881761  -0.9013201099  -6.6123034418 -7.5136235517
   201  0.2440095455  76.6293559231  137.1055766325  -1.5437832697  -6.7197793986 -8.2635626683
   202  0.3480525358  67.1806016950  146.3688823102  -4.4271810786  -6.2132424498 -10.6404235283
   203  0.2481776997  71.0618425121  153.2582762117  -3.0972741468  -6.3929275169 -9.4902016637
   204  0.2892023545  69.8557845553  151.2224653158  -1.5964283973  -6.2904258242 -7.8868542215
   205  0.2598288434  70.4312237012  151.8295923022  -1.5054752303  -6.3166572919 -7.8221325222
   206  0.2712228426  68.9716053940  147.2556278777  -3.6111326878  -6.2097559103 -9.8208885982
   207  0.3531771442  66.6129034537  157.0321059879  -5.7570574586  -6.6925602519 -12.4496177105
   208  0.2801262495  66.0805533194  157.6248558460  -0.8551456521  -6.7525645694 -7.6077102215
   209  0.3183156014  72.9573530581  141.4643211969  -1.3938761135  -6.3745454746 -7.7684215881
   210  0.2903739706  66.4668204137  156.3836422051  -0.8865870081  -6.6309404008 -7.5175274089
   211  0.2440095455  76.6293559231  137.1055766325  -1.5437832697  -6.7197793986 -8.2635626683
   212  0.3297540382  66.8842623303  149.4011017301  -2.7683587270  -6.2338479933 -9.0022067203
   213  0.2335791612  71.6803982434  152.7335839185  -3.1889345862  -6.3625452557 -9.5514798419
   214  0.2854906513  69.6732539843  150.4035485912  -0.9690066075  -6.2608828456 -7.2298894530
   215  0.2598288434  70.4312237012  151.8295923022  -1.5054752303  -6.3166572919 -7.8221325222
   216  0.2771931913  68.7586904561  147.4744723217  -3.3928837470  -6.2101052107 -9.6029889577
   217  0.3428170851  66.5888054848  156.9251349114  -4.3881740094  -6.6821057743 -11.0702797837
   218  0.2861939026  66.1788173694  156.6193932044  -0.9107384456  -6.6528559996 -7.5635944452
   219  0.3183156014  72.9573530581  141.4643211969  -1.3938761135  -6.3745454746 -7.7684215881
   220  0.2475629654  66.3672400670  155.9416042503  -2.7430842513  -6.5913462461 -9.3344304974
   221  0.2440095455  76.6293559231  137.1055766325  -1.5437832697  -6.7197793986 -8.2635626683
   222  0.3129606735  67.4831483270  148.7855372507  -2.7411550760  -6.2222268706 -8.9633819466
   223  0.2388582101  71.4291779269  152.5517830153  -2.7667278673  -6.3526602959 -9.1193881632
   224  0.2533571781  66.4583363852  159.1544659129  -1.0323166214  -6.9236395557 -7.9559561771
   225  0.2662054549  70.1277723844  151.6099933293  -1.2552441981  -6.3067438169 -7.5619880150
   226  0.2868303851  68.4150082627  147.8277257816  -3.1111399686  -6.2116795208 -9.3228194895
   227  0.3338388394  66.5679216768  156.8324315203  -3.3753535760  -6.6731382560 -10.0484918321
   228  0.2861939026  66.1788173694  156.6193932044  -0.9107384456  -6.6528559996 -7.5635944452
   229  0.3016594356  71.2909225350  146.0002992681  -1.1413981810  -6.2170051226 -7.3584033036
   230  0.2101210995  66.5498630600  155.2846778349  -7.8213042468  -6.5361138294 -14.3574180762
   231  0.2418722229  77.1588453791  136.1168849906  -1.6841467909  -6.8245234479 -8.5086702388
   232  0.3090435625  68.8029571984  147.8201486542  -1.5508114822  -6.2116326564 -7.7624441386
   233  0.2519251322  69.9798265248  153.6746385728  -1.7677295765  -6.4189960416 -8.1867256181
   234  0.2248156600  66.7012929271  161.3579385342  -1.8540801203  -7.2112095537 -9.0652896740
   235  0.2708453872  70.5118920198  150.5172165580  -1.2584344693  -6.2645826739 -7.5230171433
   236  0.2975633391  68.6759742922  146.7843693895  -2.9410219652  -6.2106298131 -9.1516517782
   237  0.3279104252  67.1023063659  154.6776443003  -2.2433212262  -6.4889125879 -8.7322338142
   238  0.2861939026  66.1788173694  156.6193932044  -0.9107384456  -6.6528559996 -7.5635944452
   239  0.3274394371  72.8306784541  140.8480281735  -1.5422617849  -6.4118266675 -7.9540884524
   240  0.2101210995  66.5498630600  155.2846778349  -7.8213042468  -6.5361138294 -14.3574180762
   241  0.2464768513  76.1024626453  138.4054916358  -1.3034748517  -6.5969386696 -7.9004135213
   242  0.3049729435  68.7579320262  147.4528855229  -1.9080278551  -6.2100494650 -8.1180773201
   243  0.2383698003  69.5986305846  155.9367594299  -2.3029493567  -6.5909231119 -8.8938724686
   244  0.2248156600  66.7012929271  161.3579385342  -1.8540801203  -7.2112095537 -9.0652896740
   245  0.2681398843  71.1325819579  149.1725191566  -1.1784045397  -6.2290903405 -7.4074948803
   246  0.2846150794  70.5582743690  144.6606789601  -1.9973024291  -6.2421223299 -8.2394247589
   247  0.2949516353  66.9741047289  156.8132950638  -1.3919313516  -6.6712978218 -8.0632291734
   248  0.3268776230  65.8325016624  153.4785138818  -1.8186869016  -6.4065006681 -8.2251875697
   249  0.3222281386  71.8859695222  142.3800822413  -1.3671992746  -6.3261636471 -7.6933629217
   250  0.2196037845  66.5972864323  155.4555525729  -5.8984291122  -6.5500651987 -12.4484943109
   251  0.2424652008  76.6856398610  137.7475264756  -1.3624922148  -6.6570038471 -8.0194960618
   252  0.3130042077  70.2138469256  145.0917981355  -1.4099048939  -6.2320807008 -7.6419855947
   253  0.2257798346  68.9499123923  158.7974014282  -2.9896459171  -6.8816112990 -9.8712572160
   254  0.2248156600  66.7012929271  161.3579385342  -1.8540801203  -7.2112095537 -9.0652896740
   255  0.3035245226  72.9558322545  141.1325621550  -1.0471923965  -6.3941424718 -7.4413348683
   256  0.2815831247  70.3627174044  145.5072646773  -1.8106277590  -6.2241622931 -8.0347900521
   257  0.2922904642  67.4664997173  155.8466210236  -1.3607076120  -6.5830934634 -7.9438010753
   258  0.3042162540  65.9940608097  153.8961590778  -1.7656507830  -6.4335720022 -8.1992227852
   259  0.3222281386  71.8859695222  142.3800822413  -1.3671992746  -6.3261636471 -7.6933629217
   260  0.2532959711  67.0001896374  155.6368230792  -1.5631121082  -6.5651845167 -8.1282966249
   261  0.2424652008  76.6856398610  137.7475264756  -1.3624922148  -6.6570038471 -8.0194960618
   262  0.3149882980  69.6399516617  145.9204629550  -1.5364152597  -6.2179991308 -7.7544143905
   263  0.2257798346  68.9499123923  158.7974014282  -2.9896459171  -6.8816112990 -9.8712572160
   264  0.1939404150  66.9763030226  164.2594819320  -3.7951705355  -7.6639452447 -11.4591157801
   265  0.3035245226  72.9558322545  141.1325621550  -1.0471923965  -6.3941424718 -7.4413348683
   266  0.2815831247  70.3627174044  145.5072646773  -1.8106277590  -6.2241622931 -8.0347900521
   267  0.2922516438  67.4660354899  155.8464121627  -1.3585095113  -6.5830754155 -7.9415849268
   268  0.2955682410  63.0670665246  160.2992078576  -2.6390132281  -7.0669772512 -9.7059904792
   269  0.3222281386  71.8859695222  142.3800822413  -1.3671992746  -6.3261636471 -7.6933629217
   270  0.2622414283  66.1678807858  156.6234548243  -1.5985365856  -6.6532384411 -8.2517750267
   271  0.2424652008  76.6856398610  137.7475264756  -1.3624922148  -6.6570038471 -8.0194960618
   272  0.3235494139  67.1636611569  149.4960541009  -2.3909367379  -6.2359779070 -8.6269146450
   273  0.2257798346  68.9499123923  158.7974014282  -2.9896459171  -6.8816112990 -9.8712572160
   274  0.1939404150  66.9763030226  164.2594819320  -3.7951705355  -7.6639452447 -11.4591157801
   275  0.3035245226  72.9558322545  141.1325621550  -1.0471923965  -6.3941424718 -7.4413348683
   276  0.2848174857  70.4446036407  144.7369678074  -2.1123335525  -6.2402100618 -8.3525436143
   277  0.2980212248  67.7156107945  155.6970226806  -1.8821965030  -6.5702782963 -8.4524747993
   278  0.2955682410  63.0670665246  160.2992078576  -2.6390132281  -7.0669772512 -9.7059904792
   279  0.3222281386  71.8859695222  142.3800822413  -1.3671992746  -6.3261636471 -7.6933629217
   280  0.2336578422  68.8273727675  153.4708520253  -1.8125132856  -6.4060203276 -8.2185336132
   281  0.2142679761  78.3823850772  136.1098584111  -2.5901473843  -6.8253028408 -9.4154502252
   282  0.3235494139  67.1636611569  149.4960541009  -2.3909367379  -6.2359779070 -8.6269146450
   283  0.2490807513  69.5398355279  153.2480445977  -1.1971513125  -6.3923087374 -7.5894600499
   284  0.2001129182  67.0201476042  163.7516860482  -3.4070530187  -7.5786347991 -10.9856878179
   285  0.3109217749  73.4199622909  139.4864366588  -1.2056780898  -6.5076582890 -7.7133363787
   286  0.2848174857  70.4446036407  144.7369678074  -2.1123335525  -6.2402100618 -8.3525436143
   287  0.2980212248  67.7156107945  155.6970226806  -1.8821965030  -6.5702782963 -8.4524747993
   288  0.2912755087  62.4385873558  161.9565739636  -2.8450759172  -7.2977232529 -10.1427991702
   289  0.3435471266  70.6031166447  143.6182688406  -1.9363302128  -6.2740822587 -8.2104124714
   290  0.2713162531  69.4359097412  150.0944297659  -0.9458323064  -6.2514746585 -7.1973069649
   291  0.2142679761  78.3823850772  136.1098584111  -2.5901473843  -6.8253028408 -9.4154502252
   292  0.3235494139  67.1636611569  149.4960541009  -2.3909367379  -6.2359779070 -8.6269146450
   293  0.2183261630  70.6861930646  151.7090870169  -2.1278449551  -6.3111575502 -8.4390025053
   294  0.2283088816  68.1600605961  157.4221773234  -1.6996877441  -6.7316520419 -8.4313397860
   295  0.3155705877  73.7159487527  138.4771523172  -1.3252236642  -6.5906582437 -7.9158819079
   296  0.2848174857  70.4446036407  144.7369678074  -2.1123335525  -6.2402100618 -8.3525436143
   297  0.2786311648  67.8392317766  156.1768638470  -1.3871809456  -6.6121756490 -7.9993565946
   298  0.2912755087  62.4385873558  161.9565739636  -2.8450759172  -7.2977232529 -10.1427991702
   299  0.3435471266  70.6031166447  143.6182688406  -1.9363302128  -6.2740822587 -8.2104124714
   300  0.2703883418  69.6384515666  149.3228607149  -1.0551460232  -6.2321606926 -7.2873067159
   301  0.2139346888  78.4513895619  135.9979942668  -2.6132283574  -6.8377773849 -9.4510057423
   302  0.3264048770  67.1207149814  149.0713535300  -2.7054488159  -6.2271515038 -8.9326003197
   303  0.2646628064  72.1298615261  145.4041143464  -0.9137250596  -6.2259671653 -7.1396922248
   304  0.2283088816  68.1600605961  157.4221773234  -1.6996877441  -6.7316520419 -8.4313397860
   305  0.3132136500  75.1507041525  136.1724444138  -1.2390579484  -6.8183781456 -8.0574360940
   306  0.2848174857  70.4446036407  144.7369678074  -2.1123335525  -6.2402100618 -8.3525436143
   307  0.2786311648  67.8392317766  156.1768638470  -1.3871809456  -6.6121756490 -7.9993565946
   308  0.2912755087  62.4385873558  161.9565739636  -2.8450759172  -7.2977232529 -10.1427991702
   309  0.3435471266  70.6031166447  143.6182688406  -1.9363302128  -6.2740822587 -8.2104124714
   310  0.2691917003  69.5715955528  149.7031791802  -1.0166980600  -6.2409368497 -7.2576349097
   311  0.2080562182  79.1154104178  135.2732514365  -2.9231005994  -6.9216287967 -9.8447293962
   312  0.3355967128  66.3860538808  150.0293593214  -3.0065782522  -6.2496159501 -9.2561942023
   313  0.2642992392  72.2415376585  145.1237221734  -0.9258425974  -6.2314110370 -7.1572536344
   314  0.2361484953  68.1100792782  157.2281722809  -1.4734054936  -6.7120192439 -8.1854247375
   315  0.3132136500  75.1507041525  136.1724444138  -1.2390579484  -6.8183781456 -8.0574360940
   316  0.2848174857  70.4446036407  144.7369678074  -2.1123335525  -6.2402100618 -8.3525436143
   317  0.2786311648  67.8392317766  156.1768638470  -1.3871809456  -6.6121756490 -7.9993565946
   318  0.2894231401  63.0368972160  160.9287710062  -2.5058844666  -7.1513925445 -9.6572770111
   319  0.2993069688  69.5761727708  149.2245253492  -1.0057487734  -6.2301268673 -7.2358756407
   320  0.2598396026  72.5922968894  144.5140857461  -1.0038620412  -6.2459602230 -7.2498222643
   321  0.2080562182  79.1154104178  135.2732514365  -2.9231005994  -6.9216287967 -9.8447293962
   322  0.3355967128  66.3860538808  150.0293593214  -3.0065782522  -6.2496159501 -9.2561942023
   323  0.2642992392  72.2415376585  145.1237221734  -0.9258425974  -6.2314110370 -7.1572536344
   324  0.2087638396  70.7178365858  155.3259611538  -3.2541105030  -6.5394577290 -9.7935682320
   325  0.3132136500  75.1507041525  136.1724444138  -1.2390579484  -6.8183781456 -8.0574360940
   326  0.2848174857  70.4446036407  144.7369678074  -2.1123335525  -6.2402100618 -8.3525436143
   327  0.2786311648  67.8392317766  156.1768638470  -1.3871809456  -6.6121756490 -7.9993565946
   328  0.2898391585  62.9025244292  161.1596024814  -2.5776887306  -7.1833367304 -9.7610254610
   329  0.2993069688  69.5761727708  149.2245253492  -1.0057487734  -6.2301268673 -7.2358756407
   330  0.2598396026  72.5922968894  144.5140857461  -1.0038620412  -6.2459602230 -7.2498222643
   331  0.2402091738  72.7413157605  145.4504680041  -1.4035786130  -6.2251429288 -7.6287215418
   332  0.3355967128  66.3860538808  150.0293593214  -3.0065782522  -6.2496159501 -9.2561942023
   333  0.2582575432  74.0973520666  140.4642141513  -1.4534438521  -6.4369638671 -7.8904077192
   334  0.2241833700  69.2314601497  156.4354481241  -2.0880844050  -6.6357086726 -8.7237930777
   335  0.3049095245  74.5985982312  138.0624365017  -1.0549842294  -6.6277157744 -7.6827000038
   336  0.2823401590  70.7853066146  144.3384350568  -1.9988053694  -6.2508418691 -8.2496472385
   337  0.2750474286  68.2964640841  155.1763802285  -1.2849729813  -6.5274228488 -7.8123958301
   338  0.2837152431  63.4928435451  160.7189662122  -2.0700566050  -7.1228204259 -9.1928770309
   339  0.2827367013  70.8424843656  147.2468599576  -0.8479921680  -6.2097518942 -7.0577440622
   340  0.2598396026  72.5922968894  144.5140857461  -1.0038620412  -6.2459602230 -7.2498222643
   341  0.2251398469  73.4409372198  145.8482177361  -1.8094414236  -6.2189535613 -8.0283949849
   342  0.3258206017  67.1936086401  148.9846971361  -2.6628242158  -6.2255721161 -8.8883963319
   343  0.2582575432  74.0973520666  140.4642141513  -1.4534438521  -6.4369638671 -7.8904077192
   344  0.2235906697  69.2156242465  156.5587338747  -2.1257016178  -6.6471639557 -8.7728655736
   345  0.3002306312  76.2554787429  135.6185599013  -0.9819632558  -6.8810221333 -7.8629853891
   346  0.2533874658  70.0117418974  150.3607948612  -1.0849054693  -6.2595246738 -7.3444301431
   347  0.2563411729  68.6306095956  155.6789120886  -1.3678000989  -6.5687420602 -7.9365421591
   348  0.3041405440  65.2880839406  155.0266746681  -2.1114979628  -6.5156019651 -8.6270999279
   349  0.2801317657  71.0631024248  147.1417869723  -0.8493868569  -6.2097635735 -7.0591504304
   350  0.2611815075  74.1118952378  140.2315539834  -1.4233943092  -6.4529186656 -7.8763129748
   351  0.2202616966  73.6518670374  145.7334695107  -2.0163962977  -6.2205767842 -8.2369730819
   352  0.3127442830  68.3010724854  148.4572492346  -1.7141115829  -6.2175784620 -7.9316900449
   353  0.2582575432  74.0973520666  140.4642141513  -1.4534438521  -6.4369638671 -7.8904077192
   354  0.2052488901  69.5432592065  157.0514743132  -2.9755511964  -6.6944653884 -9.6700165848
   355  0.3028342515  74.6004659419  138.2898083271  -1.0195961985  -6.6071856528 -7.6267818513
   356  0.2438823395  71.0562413940  149.0330275968  -1.2463204656  -6.2264437190 -7.4727641846
   357  0.2516510042  69.2833503468  154.3860495466  -1.3704914189  -6.4675491663 -7.8380405852
   358  0.3073637149  66.4168231051  152.5656073042  -1.8926139157  -6.3534003455 -8.2460142613
   359  0.3270544070  69.0341808715  148.2455434274  -1.4893993017  -6.2151524034 -7.7045517051
   360  0.2683104591  75.3711239064  136.6044847974  -1.9009708805  -6.7716444486 -8.6726153291
   361  0.2168613676  74.0255224571  145.2584789184  -2.1720397742  -6.2286965803 -8.4007363545
   362  0.3177351169  70.0488388437  144.6464744522  -1.6989204116  -6.2424848093 -7.9414052209
   363  0.2582575432  74.0973520666  140.4642141513  -1.4534438521  -6.4369638671 -7.8904077192
   364  0.2108524496  69.8336547987  155.9741394545  -2.6639543854  -6.5941938680 -9.2581482534
   365  0.2705811612  72.9290006374  144.4907558842  -0.9209287663  -6.2465908334 -7.1675195997
   366  0.2501385350  72.3797553774  145.3038162537  -1.2197184315  -6.2278241579 -7.4475425895
   367  0.2338951698  69.5228469372  155.0771980861  -1.7563187809  -6.5195662839 -8.2758850647
   368  0.3073637149  66.4168231051  152.5656073042  -1.8926139157  -6.3534003455 -8.2460142613
   369  0.3278769811  68.9446213239  148.5632179524  -1.5260952338  -6.2189611363 -7.7450563701
   370  0.2683104591  75.3711239064  136.6044847974  -1.9009708805  -6.7716444486 -8.6726153291
   371  0.2208025018  73.9450765111  145.2021551822  -1.9890357709  -6.2298090427 -8.2188448136
   372  0.2946886432  70.8435448042  144.8705894903  -1.2069552446  -6.2370009231 -7.4439561676
   373  0.2582575432  74.0973520666  140.4642141513  -1.4534438521  -6.4369638671 -7.8904077192
   374  0.2484568729  68.5023285024  154.6460469728  -1.1212709086  -6.4865565626 -7.6078274712
   375  0.2782558761  72.7723452997  144.3810746093  -0.9264753145  -6.2496284822 -7.1761037967
   376  0.2510022818  74.3713058913  140.5053958090  -1.5302116354  -6.4341961987 -7.9644078341
   377  0.2339624052  69.5001372469  155.1279098736  -1.7559843115  -6.5235710521 -8.2795553636
   378  0.3180217776  66.0394909246  152.1891916701  -2.4360335874  -6.3339322770 -8.7699658645
   379  0.4028002135  69.3618709171  142.8248070833  -4.3190852263  -6.3056929886 -10.6247782149
   380  0.2683104591  75.3711239064  136.6044847974  -1.9009708805  -6.7716444486 -8.6726153291
   381  0.2652469731  72.8258418380  144.6215985460  -0.8980437398  -6.2431244690 -7.1411682088
   382  0.2977950157  70.2039744596  145.8449251318  -1.2934567322  -6.2189983034 -7.5124550356
   383  0.2582575432  74.0973520666  140.4642141513  -1.4534438521  -6.4369638671 -7.8904077192
   384  0.2484568729  68.5023285024  154.6460469728  -1.1212709086  -6.4865565626 -7.6078274712
   385  0.2956624075  75.2665958943  138.3849826415  -1.0019207784  -6.5987455533 -7.6006663317
   386  0.2356616885  73.4851466352  143.9628534141  -1.6215515037  -6.2623151169 -7.8838666206
   387  0.2339624052  69.5001372469  155.1279098736  -1.7559843115  -6.5235710521 -8.2795553636
   388  0.3180217776  66.0394909246  152.1891916701  -2.4360335874  -6.3339322770 -8.7699658645
   389  0.3365692780  72.3211926085  139.7615420318  -1.8436348858  -6.4868013141 -8.3304361998
   390  0.2683104591  75.3711239064  136.6044847974  -1.9009708805  -6.7716444486 -8.6726153291
   391  0.2652469731  72.8258418380  144.6215985460  -0.8980437398  -6.2431244690 -7.1411682088
   392  0.2858768652  69.5531993578  147.7147911436  -1.3409852301  -6.2110405145 -7.5520257446
   393  0.2344771416  74.6367065483  140.6775899014  -2.1963186003  -6.4228073744 -8.6191259748
   394  0.2653191100  67.9053471457  154.0505156942  -0.9559847869  -6.4440187014 -7.4000034882
   395  0.2849609032  72.6704233736  143.9099183993  -0.9014453931  -6.2640455905 -7.1654909836
   396  0.2248886201  75.5120106892  140.2985066750  -2.2136024467  -6.4482718753 -8.6618743220
   397  0.2339624052  69.5001372469  155.1279098736  -1.7559843115  -6.5235710521 -8.2795553636
   398  0.3172377131  66.1201755955  152.0811555523  -2.4020835896  -6.3286063830 -8.7306899726
   399  0.3310033421  72.0172719220  140.6347944968  -1.7098512062  -6.4256101510 -8.1354613572
   400  0.2836035849  72.4795674715  141.4420068987  -1.5976612040  -6.3758290543 -7.9734902583
   401  0.2694037118  72.7930714084  144.4715387434  -0.8764074380  -6.2471143643 -7.1235218023
   402  0.2568219115  72.7338004421  143.6694758955  -1.2603478073  -6.2722584854 -7.5326062927
   403  0.2439613219  73.7709273645  141.0525479886  -2.3744693828  -6.3990336448 -8.7735030276
   404  0.2688053627  67.2494374360  155.2363281324  -0.9428949103  -6.5322192298 -7.4751141401
   405  0.2728408095  72.6977212960  143.8063544297  -0.8584725180  -6.2675121898 -7.1259847077
   406  0.2217973099  75.7942060857  140.1762913942  -2.2601444380  -6.4567878847 -8.7169323227
   407  0.2339624052  69.5001372469  155.1279098736  -1.7559843115  -6.5235710521 -8.2795553636
   408  0.3061467306  68.2172094134  148.5728555521  -1.9052767820  -6.2190924580 -8.1243692399
   409  0.3310033421  72.0172719220  140.6347944968  -1.7098512062  -6.4256101510 -8.1354613572
   410  0.2836035849  72.4795674715  141.4420068987  -1.5976612040  -6.3758290543 -7.9734902583
   411  0.2694037118  72.7930714084  144.4715387434  -0.8764074380  -6.2471143643 -7.1235218023
   412  0.2459315256  72.7583287100  143.5764195534  -1.8476688351  -6.2755922205 -8.1232610556
   413  0.2439613219  73.7709273645  141.0525479886  -2.3744693828  -6.3990336448 -8.7735030276
   414  0.2978036276  69.4723219876  148.4287253007  -0.9976087909  -6.2172254645 -7.2148342554
   415  0.2816022250  72.3721336532  144.6418000856  -0.8776606143  -6.2426045339 -7.1202651483
   416  0.2041909124  78.0089399120  137.6958292686  -3.0634712560  -6.6619066866 -9.7253779426
   417  0.2339624052  69.5001372469  155.1279098736  -1.7559843115  -6.5235710521 -8.2795553636
   418  0.3113139269  67.2402188360  150.2073432812  -2.1034634158  -6.2548004670 -8.3582638829
   419  0.3310033421  72.0172719220  140.6347944968  -1.7098512062  -6.4256101510 -8.1354613572
   420  0.2836035849  72.4795674715  141.4420068987  -1.5976612040  -6.3758290543 -7.9734902583
   421  0.2694037118  72.7930714084  144.4715387434  -0.8764074380  -6.2471143643 -7.1235218023
   422  0.2459315256  72.7583287100  143.5764195534  -1.8476688351  -6.2755922205 -8.1232610556
   423  0.2439613219  73.7709273645  141.0525479886  -2.3744693828  -6.3990336448 -8.7735030276
   424  0.2926264040  70.3989685034  147.2185980714  -0.9081728820  -6.2097441815 -7.1179170635
   425  0.2815928154  72.3738178193  144.6396006976  -0.8777088221  -6.2426609425 -7.1203697646
   426  0.2210738401  76.6586048268  139.4499912504  -2.0442747116  -6.5104781522 -8.5547528638
   427  0.2445402116  69.6622070540  153.7017682829  -1.3869033248  -6.4207547969 -7.8076581217
   428  0.3113298773  67.2375227317  150.2098942807  -2.1053863424  -6.2548770781 -8.3602634205
   429  0.3912368497  71.4925805319  138.5520319272  -3.7911625142  -6.5841505716 -10.3753130858
   430  0.2489316627  72.7975057456  142.3729550377  -2.4485554446  -6.3265078141 -8.7750632587
   431  0.2639147686  73.2320896109  143.9012291598  -0.9085151661  -6.2643323237 -7.1728474897
   432  0.2353861340  72.8720323360  143.2620265048  -2.7097625004  -6.2874958199 -8.9972583203
   433  0.2440503265  73.1392095219  142.9973720583  -1.8678686301  -6.2982824458 -8.1661510759
   434  0.2996166866  69.1478112155  148.8525107623  -1.0431423319  -6.2233075452 -7.2664498772
   435  0.2815928154  72.3738178193  144.6396006976  -0.8777088221  -6.2426609425 -7.1203697646
   436  0.2149810196  77.5918651926  138.5093097913  -2.2798238088  -6.5878566177 -8.8676804266
   437  0.2446391126  68.9602480975  155.8628385939  -1.5978259005  -6.5844961682 -8.1823220687
   438  0.3113298773  67.2375227317  150.2098942807  -2.1053863424  -6.2548770781 -8.3602634205
   439  0.3888466715  71.5252357990  138.6524507560  -3.6810844956  -6.5755113414 -10.2565958370
   440  0.2489316627  72.7975057456  142.3729550377  -2.4485554446  -6.3265078141 -8.7750632587
   441  0.2506603879  73.8755917601  143.3476240245  -1.0786187261  -6.2841569914 -7.3627757175
   442  0.2327993014  73.4703831829  142.6595068485  -2.4965995573  -6.3130708040 -8.8096703613
   443  0.2604524372  70.6268362020  145.5297232507  -2.6325112579  -6.2237834293 -8.8562946872
   444  0.3005910235  68.9889079270  148.9654218261  -1.0885173240  -6.2252310162 -7.3137483402
   445  0.2664520569  72.7140849993  144.0251722535  -0.9097583250  -6.2603137934 -7.1700721185
   446  0.1802255463  82.9154924652  133.1433501366  -4.7671078150  -7.1984550091 -11.9655628241
   447  0.2500936622  69.5351106061  152.2985982202  -1.0889751666  -6.3394446780 -7.4284198446
   448  0.3029073130  67.9060097212  149.4000998366  -1.9078636216  -6.2338260001 -8.1416896217
   449  0.3690277960  70.9556726327  140.9683534127  -2.8486009769  -6.4042494887 -9.2528504656
   450  0.2489316627  72.7975057456  142.3729550377  -2.4485554446  -6.3265078141 -8.7750632587
   451  0.2495271422  73.9589441010  143.2990016377  -1.1001580642  -6.2860445737 -7.3862026379
   452  0.2465047874  73.1623717272  143.2156903731  -1.5821086048  -6.2893337798 -7.8714423846
   453  0.2949593276  70.7313453907  144.0800509622  -1.7328841674  -6.2585835626 -7.9914677300
   454  0.3012638828  68.6743366704  149.0916915043  -1.2442875895  -6.2275330612 -7.4718206507
   455  0.2664520569  72.7140849993  144.0251722535  -0.9097583250  -6.2603137934 -7.1700721185
   456  0.1802255463  82.9154924652  133.1433501366  -4.7671078150  -7.1984550091 -11.9655628241
   457  0.2511477229  68.4697757804  154.9662688746  -1.0850796205  -6.5108957298 -7.5959753504
   458  0.3210242870  66.2176212447  151.3865851015  -2.6462716193  -6.2971532360 -8.9434248553
   459  0.3640755499  70.9406740275  141.1764027015  -2.6736563732  -6.3914896994 -9.0651460726
   460  0.2489316627  72.7975057456  142.3729550377  -2.4485554446  -6.3265078141 -8.7750632587
   461  0.2023983266  75.2007552840  144.1723055607  -2.9667871990  -6.2557428031 -9.2225300021
   462  0.2076489364  73.8966185170  143.8896526437  -3.4433561156  -6.2647155061 -9.7080716217
   463  0.3080933833  69.8178446601  144.1053350390  -2.6778431142  -6.2577965335 -8.9356396478
   464  0.3012638828  68.6743366704  149.0916915043  -1.2442875895  -6.2275330612 -7.4718206507
   465  0.2664520569  72.7140849993  144.0251722535  -0.9097583250  -6.2603137934 -7.1700721185
   466  0.1802255463  82.9154924652  133.1433501366  -4.7671078150  -7.1984550091 -11.9655628241
   467  0.2511477229  68.4697757804  154.9662688746  -1.0850796205  -6.5108957298 -7.5959753504
   468  0.3131232891  66.9387443084  150.3987354628  -2.4004354833  -6.2607290323 -8.6611645156
   469  0.3640755499  70.9406740275  141.1764027015  -2.6736563732  -6.3914896994 -9.0651460726
   470  0.2489316627  72.7975057456  142.3729550377  -2.4485554446  -6.3265078141 -8.7750632587
   471  0.2023983266  75.2007552840  144.1723055607  -2.9667871990  -6.2557428031 -9.2225300021
   472  0.2087529273  73.7588862774  144.1707750633  -3.3223152764  -6.2557892368 -9.5781045132
   473  0.3076956619  69.8098675955  144.1261434388  -2.6915856426  -6.2571536165 -8.9487392590
   474  0.3292404934  68.7885297846  145.8122949156  -2.3763871578  -6.2194475656 -8.5958347234
   475  0.2628727426  72.9661266596  144.0164094986  -0.9170457507  -6.2605928563 -7.1776386070
   476  0.2492585421  76.3710043194  139.0123936671  -1.1158997979  -6.5453732616 -7.6612730595
   477  0.2511477229  68.4697757804  154.9662688746  -1.0850796205  -6.5108957298 -7.5959753504
   478  0.3117245622  66.7782112154  150.7967683679  -2.4212618015  -6.2742315546 -8.6954933560
   479  0.3640755499  70.9406740275  141.1764027015  -2.6736563732  -6.3914896994 -9.0651460726
   480  0.2453143385  72.7537532884  141.9465241204  -3.2495005799  -6.3480242358 -9.5975248157
   481  0.2449010683  74.0808378965  143.3847234698  -1.1965841519  -6.2827326453 -7.4793167972
   482  0.2276905236  72.4750647060  145.3893668271  -2.4114140137  -6.2262339034 -8.6376479171
   483  0.3098548957  69.5674355901  144.3150949368  -2.8903240162  -6.2515137550 -9.1418377712
   484  0.3292404934  68.7885297846  145.8122949156  -2.3763871578  -6.2194475656 -8.5958347234
   485  0.2628727426  72.9661266596  144.0164094986  -0.9170457507  -6.2605928563 -7.1776386070
   486  0.2486715985  75.8327151250  139.4490265423  -1.1294101723  -6.5105529743 -7.6399631466
   487  0.2592504109  68.6212733675  153.4962076252  -0.9516940820  -6.4076121752 -7.3593062572
   488  0.3117245622  66.7782112154  150.7967683679  -2.4212618015  -6.2742315546 -8.6954933560
   489  0.3914484529  72.6317990453  137.5335830672  -3.8684747105  -6.6774672860 -10.5459419966
   490  0.2453143385  72.7537532884  141.9465241204  -3.2495005799  -6.3480242358 -9.5975248157
   491  0.2413375046  72.4251221709  147.1043878321  -1.2893708032  -6.2097943722 -7.4991651754
   492  0.2276905236  72.4750647060  145.3893668271  -2.4114140137  -6.2262339034 -8.6376479171
   493  0.2963280306  69.3145210761  146.7692582908  -1.8551581511  -6.2106945830 -8.0658527341
   494  0.3051543658  70.8943939349  143.9099913705  -1.3998207710  -6.2640431858 -7.6638639568
   495  0.2560683029  73.2995334551  144.0335355143  -0.9908732823  -6.2600481692 -7.2509214515
   496  0.2493260135  75.9374426861  139.2637430040  -1.1126079434  -6.5250959794 -7.6377039228
   497  0.2315917906  67.2516445634  159.2722135673  -1.5829698189  -6.9377785773 -8.5207483962
   498  0.3082412701  67.0916352257  150.3325629436  -2.3598786009  -6.2586378415 -8.6185164423
   499  0.3793249601  72.6151070877  138.3065552142  -3.3464107717  -6.6056939645 -9.9521047362
   500  0.2453143385  72.7537532884  141.9465241204  -3.2495005799  -6.3480242358 -9.5975248157
   501  0.2413375046  72.4251221709  147.1043878321  -1.2893708032  -6.2097943722 -7.4991651754
   502  0.2276905236  72.4750647060  145.3893668271  -2.4114140137  -6.2262339034 -8.6376479171
   503  0.2887348364  70.7313316864  144.4980990051  -1.6823696603  -6.2463917605 -7.9287614209
   504  0.3051323381  70.9215298135  143.8641609257  -1.3961221045  -6.2655640061 -7.6616861106
   505  0.2533259670  73.1367500541  144.6052159045  -1.0326557285  -6.2435491122 -7.2762048407
   506  0.2099693387  79.4748491276  136.0193589002  -2.5205286775  -6.8353852377 -9.3559139152
   507  0.2323955497  66.1754886233  162.1324292072  -1.5920303641  -7.3238185229 -8.9158488870
   508  0.3046098855  67.7692135907  149.2463991442  -2.1721473393  -6.2305709105 -8.4027182498
   509  0.3195985598  72.5328741402  142.1146033492  -1.3986512671  -6.3393263456 -7.7379776127
   510  0.2453143385  72.7537532884  141.9465241204  -3.2495005799  -6.3480242358 -9.5975248157
   511  0.2415280044  72.4364301248  147.0646753338  -1.2843503242  -6.2098423875 -7.4941927117
   512  0.2276905236  72.4750647060  145.3893668271  -2.4114140137  -6.2262339034 -8.6376479171
   513  0.2823507477  71.9225358530  142.5885887401  -1.6147259985  -6.3163198398 -7.9310458384
   514  0.3020032117  70.5729868352  144.2426002191  -1.6237917846  -6.2536353791 -7.8774271637
   515  0.2218556710  74.7942470592  144.8396503514  -2.1408964185  -6.2377280915 -8.3786245100
   516  0.2418805390  76.3882778328  138.8706297660  -1.2836710354  -6.5570885271 -7.8407595625
   517  0.2323955497  66.1754886233  162.1324292072  -1.5920303641  -7.3238185229 -8.9158488870
   518  0.3039679619  68.4596752176  148.0141557190  -1.9952103582  -6.2130134306 -8.2082237888
   519  0.3195985598  72.5328741402  142.1146033492  -1.3986512671  -6.3393263456 -7.7379776127
   520  0.2453143385  72.7537532884  141.9465241204  -3.2495005799  -6.3480242358 -9.5975248157
   521  0.2247552508  73.5046744480  146.8096239024  -1.9249421257  -6.2105266630 -8.1354687887
   522  0.2244273350  71.5751677078  146.8884397689  -2.9142891393  -6.2102457577 -9.1245348971
   523  0.2823507477  71.9225358530  142.5885887401  -1.6147259985  -6.3163198398 -7.9310458384
   524  0.3020032117  70.5729868352  144.2426002191  -1.6237917846  -6.2536353791 -7.8774271637
   525  0.2218556710  74.7942470592  144.8396503514  -2.1408964185  -6.2377280915 -8.3786245100
   526  0.2452357113  76.0637529497  139.1704149503  -1.2105063836  -6.5325513601 -7.7430577437
   527  0.2346671352  66.4368209689  161.2437228042  -1.5099951921  -7.1951103990 -8.7051055911
   528  0.3039679619  68.4596752176  148.0141557190  -1.9952103582  -6.2130134306 -8.2082237888
   529  0.3195985598  72.5328741402  142.1146033492  -1.3986512671  -6.3393263456 -7.7379776127
   530  0.2394109083  73.2672484616  142.6745863063  -2.2398177771  -6.3123864390 -8.5522042161
   531  0.2274049354  73.8357583487  145.8212919320  -1.7937236706  -6.2193226290 -8.0130462995
   532  0.2244316617  71.5697517827  146.8918867451  -2.9195239521  -6.2102348902 -9.1297588424
   533  0.2801088848  72.1726781685  142.3821204757  -1.5233309527  -6.3260653158 -7.8493962686
   534  0.3024023837  70.1436321136  145.0088550149  -1.6817373847  -6.2338682181 -7.9156056029
   535  0.2213828717  74.8759106443  144.7560141335  -2.1740780132  -6.2397417226 -8.4138197358
   536  0.2452357113  76.0637529497  139.1704149503  -1.2105063836  -6.5325513601 -7.7430577437
   537  0.2379073479  63.1355994206  168.1248272802  -1.4118974738  -8.3978473794 -9.8097448531
   538  0.2736243423  69.6461898049  147.5860027522  -1.7906420340  -6.2104674601 -8.0011094941
   539  0.3129735667  71.6123955394  143.2296417982  -1.1929617581  -6.2887781262 -7.4817398844
   540  0.2541596365  71.9512026936  140.9717711890  -5.6624865527  -6.4040363775 -12.0665229302
   541  0.2274049354  73.8357583487  145.8212919320  -1.7937236706  -6.2193226290 -8.0130462995
   542  0.2311033677  71.3088706948  146.9860255050  -2.6392839537  -6.2099840267 -8.8492679805
   543  0.2645290238  73.9110460303  140.9472661023  -1.1413289255  -6.4055669457 -7.5468958712
   544  0.2981894855  69.5582907319  145.7179189147  -2.1824211815  -6.2208068933 -8.4032280747
   545  0.2213828717  74.8759106443  144.7560141335  -2.1740780132  -6.2397417226 -8.4138197358
   546  0.2437941025  76.7281118169  138.8794161987  -1.2468694720  -6.5563565807 -7.8032260527
   547  0.2379073479  63.1355994206  168.1248272802  -1.4118974738  -8.3978473794 -9.8097448531
   548  0.2736243423  69.6461898049  147.5860027522  -1.7906420340  -6.2104674601 -8.0011094941
   549  0.3129735667  71.6123955394  143.2296417982  -1.1929617581  -6.2887781262 -7.4817398844
   550  0.2525750084  72.6814713633  140.6519029947  -4.2285434305  -6.4244874760 -10.6530309065
   551  0.2201509558  72.5555790138  148.8938229892  -2.0824151730  -6.2239965208 -8.3064116938
   552  0.2284502413  70.1759235507  148.6807941367  -3.4521304657  -6.2206266819 -9.6727571476
   553  0.2638544835  74.2273425259  140.4549144199  -1.1244556781  -6.4375912153 -7.5620468934
   554  0.2769056485  72.3636998420  143.0421481260  -1.1142382512  -6.2964082635 -7.4106465147
   555  0.2213828717  74.8759106443  144.7560141335  -2.1740780132  -6.2397417226 -8.4138197358
   556  0.2508638207  75.7962567189  139.7682101508  -1.0760573186  -6.4863051685 -7.5623624871
   557  0.2379073479  63.1355994206  168.1248272802  -1.4118974738  -8.3978473794 -9.8097448531
   558  0.2912717224  69.4392479380  147.1583196477  -1.6095025371  -6.2097544167 -7.8192569539
   559  0.3317538965  71.2211962859  143.3272685312  -1.6047366834  -6.2849443403 -7.8896810237
   560  0.2544937834  73.9302309225  137.0579854327  -5.8543683868  -6.7245973688 -12.5789657557
   561  0.2189892498  72.6064820122  148.9221711723  -2.1429766415  -6.2244791652 -8.3674558067
   562  0.2570856105  69.8401311151  147.9868178356  -2.1804435588  -6.2127960813 -8.3932396401
   563  0.2596328488  74.9646008097  139.4227416123  -1.1448829237  -6.5125951963 -7.6574781200
   564  0.2769056485  72.3636998420  143.0421481260  -1.1142382512  -6.2964082635 -7.4106465147
   565  0.2155193409  75.7029465827  144.2254129116  -2.7005330659  -6.2541460883 -8.9546791542
   566  0.2508638207  75.7962567189  139.7682101508  -1.0760573186  -6.4863051685 -7.5623624871
   567  0.2379073479  63.1355994206  168.1248272802  -1.4118974738  -8.3978473794 -9.8097448531
   568  0.3072569401  66.6476198336  151.0666414416  -2.6214230210  -6.2842877433 -8.9057107643
   569  0.3209560129  71.7816546767  142.7426870733  -1.3390330052  -6.3093240823 -7.6483570875
   570  0.2666904746  73.5359389886  138.1012027762  -4.0414247233  -6.6241788871 -10.6656036105
   571  0.2295519275  73.6635177980  145.8887079119  -1.6944263901  -6.2184122173 -7.9128386074
   572  0.2649171316  68.7355151988  148.6955059684  -3.1008379219  -6.2208448159 -9.3216827378
   573  0.2680888752  74.5256952689  139.8805383821  -1.0071969832  -6.4780141492 -7.4852111324
   574  0.2667296118  69.9557618719  149.5871067601  -0.9206226462  -6.2381050261 -7.1587276722
   575  0.2307040402  73.5611837870  145.5995030855  -1.6078557234  -6.2226384639 -7.8304941873
   576  0.2471570269  77.6586443709  137.4134878531  -1.2492884237  -6.6891548362 -7.9384432599
   577  0.2379073479  63.1355994206  168.1248272802  -1.4118974738  -8.3978473794 -9.8097448531
   578  0.3072569401  66.6476198336  151.0666414416  -2.6214230210  -6.2842877433 -8.9057107643
   579  0.3437446023  71.3124742701  141.9583306982  -1.9496514133  -6.3474040349 -8.2970554481
   580  0.2666904746  73.5359389886  138.1012027762  -4.0414247233  -6.6241788871 -10.6656036105
   581  0.2518897813  71.6466581698  147.3772080507  -1.0688470296  -6.2098908390 -7.2787378686
   582  0.2546123585  70.1889769604  147.7630089015  -1.9687929661  -6.2112977375 -8.1800907036
   583  0.2680888752  74.5256952689  139.8805383821  -1.0071969832  -6.4780141492 -7.4852111324
   584  0.2754991355  66.5044747269  155.0415135287  -1.4221444158  -6.5167636483 -7.9389080641
   585  0.2342450857  73.0617284203  145.9199385292  -1.4873473554  -6.2180058709 -7.7053532263
   586  0.2471570269  77.6586443709  137.4134878531  -1.2492884237  -6.6891548362 -7.9384432599
   587  0.2379073479  63.1355994206  168.1248272802  -1.4118974738  -8.3978473794 -9.8097448531
   588  0.2991690133  67.1916879293  150.5590956052  -2.3730026128  -6.2659783842 -8.6389809970
   589  0.3437446023  71.3124742701  141.9583306982  -1.9496514133  -6.3474040349 -8.2970554481
   590  0.2666904746  73.5359389886  138.1012027762  -4.0414247233  -6.6241788871 -10.6656036105
   591  0.2495556304  70.2258686440  150.8407019539  -1.0991197017  -6.2758190052 -7.3749387069
   592  0.2426022622  70.9968861271  147.0093331447  -2.1562097180  -6.2099356029 -8.3661453209
   593  0.2680888752  74.5256952689  139.8805383821  -1.0071969832  -6.4780141492 -7.4852111324
   594  0.2721919844  66.2714807807  155.6755199112  -1.5122492227  -6.5684546825 -8.0807039051
   595  0.2342450857  73.0617284203  145.9199385292  -1.4873473554  -6.2180058709 -7.7053532263
   596  0.2509112548  77.0967348481  137.8559652571  -1.1159573059  -6.6468065970 -7.7627639028
   597  0.2440564627  63.6980348580  165.8919839958  -1.2888922876  -7.9556781651 -9.2445704527
   598  0.2912671562  66.9221495231  152.0577503968  -2.0300242771  -6.3274679529 -8.3574922300
   599  0.3481892038  71.1237048603  142.0803962609  -2.0887156204  -6.3410736228 -8.4297892433
   600  0.2562303228  68.9894197310  150.9445198407  -1.5137565371  -6.2796469493 -7.7934034864
   601  0.2580659187  68.6495704356  153.5758832328  -0.9648034925  -6.4126561245 -7.3774596170
   602  0.2422698451  72.6653374481  142.6929301118  -2.9566064655  -6.3115569907 -9.2681634563
   603  0.2680888752  74.5256952689  139.8805383821  -1.0071969832  -6.4780141492 -7.4852111324
   604  0.2721919844  66.2714807807  155.6755199112  -1.5122492227  -6.5684546825 -8.0807039051
   605  0.2319937674  73.4787384028  145.4054145271  -1.5566056581  -6.2259437533 -7.7825494113
   606  0.2516459532  75.9769086904  139.6638271173  -1.0805527040  -6.4941228525 -7.5746755565
   607  0.2440564627  63.6980348580  165.8919839958  -1.2888922876  -7.9556781651 -9.2445704527
   608  0.2885719076  67.0811766591  151.9721138572  -1.9493988187  -6.3233492693 -8.2727480880
   609  0.3193746325  71.5430945045  142.2470315252  -1.4519237957  -6.3326723311 -7.7845961268
   610  0.2562303228  68.9894197310  150.9445198407  -1.5137565371  -6.2796469493 -7.7934034864
   611  0.2704431609  66.3570177172  157.4546529027  -0.8946491424  -6.7349752602 -7.6296244026
   612  0.2052399172  73.2042997702  142.9070749536  -6.0175860259  -6.3021229761 -12.3197090020
   613  0.2458672742  75.8180260731  138.8551607911  -1.3497879765  -6.5583790331 -7.9081670096
   614  0.2737313613  66.4122815534  155.1165472026  -1.5729211036  -6.5226714933 -8.0955925969
   615  0.2370755659  73.5308670439  145.8799652339  -1.5067480444  -6.2185277170 -7.7252757614
   616  0.2516615960  75.9773387828  139.6660161624  -1.0807044752  -6.4939577872 -7.5746622624
   617  0.2483167073  65.5497559784  160.6611161347  -1.2378934163  -7.1150195730 -8.3529129894
   618  0.2919239221  67.2150740178  150.9583895834  -2.3442811832  -6.2801665121 -8.6244476953
   619  0.3236453701  71.7158111752  141.6587807265  -1.5386326467  -6.3635703968 -7.9022030434
   620  0.2535154011  69.6331070415  150.2266893102  -1.3400248934  -6.2553830877 -7.5954079811
   621  0.2758350186  65.1977979947  159.3250025041  -0.9744694422  -6.9441624328 -7.9186318749
   622  0.2052399172  73.2042997702  142.9070749536  -6.0175860259  -6.3021229761 -12.3197090020
   623  0.2458672742  75.8180260731  138.8551607911  -1.3497879765  -6.5583790331 -7.9081670096
   624  0.2753143855  66.4660064174  154.7711879221  -1.6312093858  -6.4959461116 -8.1271554974
   625  0.2370755659  73.5308670439  145.8799652339  -1.5067480444  -6.2185277170 -7.7252757614
   626  0.2516615960  75.9773387828  139.6660161624  -1.0807044752  -6.4939577872 -7.5746622624
   627  0.2308647529  64.9574694595  164.4685086650  -1.5964350998  -7.6998112147 -9.2962463145
   628  0.2736871623  68.3631809055  150.6109707867  -1.6226471376  -6.2677315549 -7.8903786925
   629  0.3236453701  71.7158111752  141.6587807265  -1.5386326467  -6.3635703968 -7.9022030434
   630  0.2535154011  69.6331070415  150.2266893102  -1.3400248934  -6.2553830877 -7.5954079811
   631  0.2758350186  65.1977979947  159.3250025041  -0.9744694422  -6.9441624328 -7.9186318749
   632  0.2052399172  73.2042997702  142.9070749536  -6.0175860259  -6.3021229761 -12.3197090020
   633  0.2482200562  77.5212412416  134.8383277532  -1.6594750701  -6.9744704987 -8.6339455689
   634  0.2763752348  65.2291655601  157.4833931309  -1.7172551489  -6.7379250378 -8.4551801867
   635  0.2370755659  73.5308670439  145.8799652339  -1.5067480444  -6.2185277170 -7.7252757614
   636  0.2503528608  76.5644479415  137.8301617893  -1.1165487534  -6.6492224145 -7.7657711678
   637  0.2308647529  64.9574694595  164.4685086650  -1.5964350998  -7.6998112147 -9.2962463145
   638  0.2736871623  68.3631809055  150.6109707867  -1.6226471376  -6.2677315549 -7.8903786925
   639  0.3236453701  71.7158111752  141.6587807265  -1.5386326467  -6.3635703968 -7.9022030434
   640  0.2535154011  69.6331070415  150.2266893102  -1.3400248934  -6.2553830877 -7.5954079811
   641  0.2758350186  65.1977979947  159.3250025041  -0.9744694422  -6.9441624328 -7.9186318749
   642  0.2233252589  72.9769468547  142.7164095142  -4.3040901856  -6.3105002371 -10.6145904227
   643  0.2471687015  77.9928874220  133.3635190400  -2.1769566078  -7.1677370343 -9.3446936421
   644  0.2763752348  65.2291655601  157.4833931309  -1.7172551489  -6.7379250378 -8.4551801867
   645  0.2370755659  73.5308670439  145.8799652339  -1.5067480444  -6.2185277170 -7.7252757614
   646  0.2513438062  76.1224237870  138.6660491297  -1.0862378450  -6.5743491987 -7.6605870437
   647  0.2254792246  63.8457671149  167.8547129401  -1.7934615763  -8.3417059201 -10.1351674964
   648  0.2736871623  68.3631809055  150.6109707867  -1.6226471376  -6.2677315549 -7.8903786925
   649  0.3236453701  71.7158111752  141.6587807265  -1.5386326467  -6.3635703968 -7.9022030434
   650  0.2535154011  69.6331070415  150.2266893102  -1.3400248934  -6.2553830877 -7.5954079811
   651  0.2758350186  65.1977979947  159.3250025041  -0.9744694422  -6.9441624328 -7.9186318749
   652  0.2272780076  73.1361801922  143.6258248877  -2.7467774749  -6.2738114959 -9.0205889708
   653  0.2684015769  76.2501287509  135.6666038943  -1.4564173930  -6.8754668751 -8.3318842681
   654  0.2700501362  66.5652857259  155.6158754857  -1.2881851117  -6.5634205386 -7.8516056502
   655  0.2346355868  74.1093675647  145.2348300433  -1.6679316387  -6.2291598108 -7.8970914495
   656  0.2513438062  76.1224237870  138.6660491297  -1.0862378450  -6.5743491987 -7.6605870437
   657  0.2254792246  63.8457671149  167.8547129401  -1.7934615763  -8.3417059201 -10.1351674964
   658  0.2733777393  68.8248900314  149.7361139081  -1.5548155397  -6.2417648972 -7.7965804369
   659  0.3236453701  71.7158111752  141.6587807265  -1.5386326467  -6.3635703968 -7.9022030434
   660  0.2517476506  70.0522272551  149.7592926715  -1.2629385997  -6.2423541626 -7.5052927623
   661  0.2820744433  66.0484224204  157.0194963110  -0.9325057519  -6.6913219359 -7.6238276878
   662  0.2272780076  73.1361801922  143.6258248877  -2.7467774749  -6.2738114959 -9.0205889708
   663  0.2684015769  76.2501287509  135.6666038943  -1.4564173930  -6.8754668751 -8.3318842681
   664  0.3122373595  69.1393622834  144.0315809515  -4.0664018991  -6.2601101851 -10.3265120842
   665  0.2447918026  72.3835945445  147.7578169553  -1.3396793257  -6.2112689236 -7.5509482493
   666  0.2732812506  78.8445671069  134.1449107767  -1.1119811178  -7.0626302820 -8.1746113998
   667  0.2255397294  64.1582643807  167.0397372003  -1.7910047273  -8.1767402730 -9.9677450004
   668  0.2723441689  69.1548627069  148.8705114539  -1.6970004741  -6.2236056497 -7.9206061238
   669  0.3204298678  71.2774398585  142.8469288151  -1.4379843134  -6.3047263638 -7.7427106772
   670  0.2565400789  68.4459657546  151.1382660328  -2.1149638868  -6.2870789643 -8.4020428511
   671  0.2881723233  65.0122533519  158.5343195048  -1.0932163472  -6.8514610013 -7.9446773485
   672  0.2272780076  73.1361801922  143.6258248877  -2.7467774749  -6.2738114959 -9.0205889708
   673  0.2684015769  76.2501287509  135.6666038943  -1.4564173930  -6.8754668751 -8.3318842681
   674  0.3122373595  69.1393622834  144.0315809515  -4.0664018991  -6.2601101851 -10.3265120842
   675  0.2447918026  72.3835945445  147.7578169553  -1.3396793257  -6.2112689236 -7.5509482493
   676  0.2872752149  80.5810308434  131.2608624828  -1.6167999887  -7.4808908916 -9.0976908803
   677  0.2439915748  69.3637612169  153.5337350517  -1.2347719085  -6.4099799804 -7.6447518889
   678  0.2723441689  69.1548627069  148.8705114539  -1.6970004741  -6.2236056497 -7.9206061238
   679  0.3271567378  73.0330157359  141.8742107350  -2.0498691363  -6.3518532812 -8.4017224175
   680  0.2565400789  68.4459657546  151.1382660328  -2.1149638868  -6.2870789643 -8.4020428511
   681  0.3251684748  61.3683801782  162.7217175533  -2.9934544072  -7.4135178413 -10.4069722485
   682  0.2248011216  73.2426145101  143.0414584992  -3.2879933793  -6.2964369770 -9.5844303563
   683  0.2684015769  76.2501287509  135.6666038943  -1.4564173930  -6.8754668751 -8.3318842681
   684  0.3122373595  69.1393622834  144.0315809515  -4.0664018991  -6.2601101851 -10.3265120842
   685  0.2447918026  72.3835945445  147.7578169553  -1.3396793257  -6.2112689236 -7.5509482493
   686  0.2872752149  80.5810308434  131.2608624828  -1.6167999887  -7.4808908916 -9.0976908803
   687  0.2439915748  69.3637612169  153.5337350517  -1.2347719085  -6.4099799804 -7.6447518889
   688  0.3037265895  66.4566017845  152.7181779852  -1.8444666742  -6.3616947801 -8.2061614543
   689  0.3106340559  73.9377079223  140.1285544962  -1.2602035231  -6.4601547757 -7.7203582987
   690  0.2565400789  68.4459657546  151.1382660328  -2.1149638868  -6.2870789643 -8.4020428511
   691  0.2850272649  66.8695289493  155.2485408498  -0.8839392769  -6.5332007654 -7.4171400423
   692  0.2248011216  73.2426145101  143.0414584992  -3.2879933793  -6.2964369770 -9.5844303563
   693  0.2612441729  75.0779723774  139.3321068217  -1.0575683132  -6.5196901010 -7.5772584141
   694  0.3122373595  69.1393622834  144.0315809515  -4.0664018991  -6.2601101851 -10.3265120842
   695  0.2440316830  72.4877650728  147.6163038282  -1.3613254835  -6.2105873658 -7.5719128493
   696  0.2661859682  78.1038172532  135.2376132186  -0.9539095392  -6.9258875661 -7.8797971053
   697  0.2395512336  69.6885270153  154.3813818755  -1.6288632122  -6.4672141079 -8.0960773202
   698  0.3037265895  66.4566017845  152.7181779852  -1.8444666742  -6.3616947801 -8.2061614543
   699  0.2919794298  73.7866387806  140.7616347411  -0.8987111734  -6.4173563719 -7.3160675453
   700  0.2487528823  67.2724433775  153.4183548829  -3.0221700424  -6.4027449445 -9.4249149869
   701  0.2832950562  66.9077803862  155.4829405784  -0.8595001772  -6.5523284909 -7.4118286680
   702  0.2248011216  73.2426145101  143.0414584992  -3.2879933793  -6.2964369770 -9.5844303563
   703  0.2660108286  76.2622116487  136.0252837026  -1.3464646011  -6.8347226601 -8.1811872611
   704  0.3080672693  67.8248686143  148.2878225399  -2.7259825007  -6.2156010880 -8.9415835887
   705  0.2440316830  72.4877650728  147.6163038282  -1.3613254835  -6.2105873658 -7.5719128493
   706  0.2661859682  78.1038172532  135.2376132186  -0.9539095392  -6.9258875661 -7.8797971053
   707  0.2395512336  69.6885270153  154.3813818755  -1.6288632122  -6.4672141079 -8.0960773202
   708  0.3297291314  64.2209029016  155.9062402274  -2.5471425108  -6.5882630396 -9.1354055504
   709  0.2919794298  73.7866387806  140.7616347411  -0.8987111734  -6.4173563719 -7.3160675453
   710  0.2487528823  67.2724433775  153.4183548829  -3.0221700424  -6.4027449445 -9.4249149869
   711  0.2812295910  67.0272971866  155.4641115027  -0.8480015764  -6.5507716865 -7.3987732629
   712  0.2262248934  73.2541445178  142.9931400935  -3.1665126745  -6.2984606193 -9.4649732938
   713  0.2660154127  76.3104136432  136.0046672969  -1.3126865674  -6.8370297314 -8.1497162988
   714  0.3080672693  67.8248686143  148.2878225399  -2.7259825007  -6.2156010880 -8.9415835887
   715  0.2497681566  72.2408752330  149.1056602572  -1.8563828551  -6.2277975228 -8.0841803780
   716  0.2634765446  80.0987479040  131.5947306937  -0.9125908642  -7.4282143597 -8.3408052239
   717  0.2395512336  69.6885270153  154.3813818755  -1.6288632122  -6.4672141079 -8.0960773202
   718  0.3182535080  64.8849323679  155.8016268084  -1.8635374707  -6.5792155537 -8.4427530243
   719  0.2919794298  73.7866387806  140.7616347411  -0.8987111734  -6.4173563719 -7.3160675453
   720  0.2487528823  67.2724433775  153.4183548829  -3.0221700424  -6.4027449445 -9.4249149869
   721  0.2812295910  67.0272971866  155.4641115027  -0.8480015764  -6.5507716865 -7.3987732629
   722  0.2355995731  72.8506713484  145.4270813177  -1.5660632033  -6.2255560930 -7.7916192963
   723  0.2660154127  76.3104136432  136.0046672969  -1.3126865674  -6.8370297314 -8.1497162988
   724  0.3057648963  67.8874939060  148.4925869596  -2.5249376378  -6.2180270671 -8.7429647048
   725  0.2497899169  72.3473632046  149.0132266452  -1.9363377165  -6.2260837994 -8.1624215159
   726  0.2634765446  80.0987479040  131.5947306937  -0.9125908642  -7.4282143597 -8.3408052239
   727  0.2395512336  69.6885270153  154.3813818755  -1.6288632122  -6.4672141079 -8.0960773202
   728  0.3204536824  64.7576207139  155.8216839114  -1.9803372781  -6.5809417114 -8.5612789895
   729  0.2919794298  73.7866387806  140.7616347411  -0.8987111734  -6.4173563719 -7.3160675453
   730  0.2492248388  69.5820495068  151.4135722411  -1.1917703734  -6.2982852493 -7.4900556227
   731  0.2812295910  67.0272971866  155.4641115027  -0.8480015764  -6.5507716865 -7.3987732629
   732  0.2553174822  70.9700548619  147.8425191903  -1.1269811035  -6.2117726725 -7.3387537761
   733  0.2633789316  76.5666869576  135.5216274539  -1.4410141985  -6.8923005581 -8.3333147566
   734  0.3321000805  65.7892085553  148.2476356948  -7.0854983953  -6.2151741871 -13.3006725824
   735  0.2497899169  72.3473632046  149.0132266452  -1.9363377165  -6.2260837994 -8.1624215159
   736  0.2634765446  80.0987479040  131.5947306937  -0.9125908642  -7.4282143597 -8.3408052239
   737  0.2291249804  66.6788599915  162.6338187826  -2.1304462315  -7.3999178540 -9.5303640855
   738  0.3204536824  64.7576207139  155.8216839114  -1.9803372781  -6.5809417114 -8.5612789895
   739  0.2919794298  73.7866387806  140.7616347411  -0.8987111734  -6.4173563719 -7.3160675453
   740  0.2492248388  69.5820495068  151.4135722411  -1.1917703734  -6.2982852493 -7.4900556227
   741  0.2562906240  68.4703742476  155.2367643248  -1.1072362478  -6.5322542609 -7.6394905087
   742  0.2159822236  74.7216968590  143.0239619620  -2.3776976193  -6.2971670600 -8.6748646793
   743  0.2633789316  76.5666869576  135.5216274539  -1.4410141985  -6.8923005581 -8.3333147566
   744  0.3296637631  66.2972351329  147.6564134249  -6.3871913605  -6.2107602060 -12.5979515666
   745  0.2497899169  72.3473632046  149.0132266452  -1.9363377165  -6.2260837994 -8.1624215159
   746  0.2634553524  79.3319209074  132.4472783972  -0.9100888035  -7.2987598138 -8.2088486173
   747  0.2395535898  67.3666037709  159.7941661412  -1.6624148538  -7.0021235911 -8.6645384448
   748  0.3204536824  64.7576207139  155.8216839114  -1.9803372781  -6.5809417114 -8.5612789895
   749  0.3108566433  76.5986202586  133.1051691857  -1.3802613359  -7.2038313372 -8.5840926731
   750  0.2540412740  70.6853765856  147.2399036933  -1.6763473650  -6.2097492548 -7.8860966198
   751  0.2415458933  66.2739743598  161.2171238039  -1.3342526134  -7.1913798934 -8.5256325067
   752  0.2425865715  75.2480170549  140.2425693072  -1.3931790101  -6.4521510763 -7.8453300863
   753  0.2633789316  76.5666869576  135.5216274539  -1.4410141985  -6.8923005581 -8.3333147566
   754  0.3296637631  66.2972351329  147.6564134249  -6.3871913605  -6.2107602060 -12.5979515666
   755  0.2497899169  72.3473632046  149.0132266452  -1.9363377165  -6.2260837994 -8.1624215159
   756  0.2634553524  79.3319209074  132.4472783972  -0.9100888035  -7.2987598138 -8.2088486173
   757  0.2306801828  65.3339240418  167.4833923150  -3.0303865834  -8.2657203015 -11.2961068849
   758  0.3209496337  64.6550057697  155.9980813605  -2.0110755527  -6.5962961282 -8.6073716809
   759  0.3120721341  76.7251264023  132.8027749577  -1.4054216032  -7.2469269501 -8.6523485533
   760  0.2540412740  70.6853765856  147.2399036933  -1.6763473650  -6.2097492548 -7.8860966198
   761  0.2401603162  65.2532168923  163.2682388365  -1.3154938053  -7.4998110344 -8.8153048397
   762  0.2188404225  74.7432264566  142.7850609971  -2.2406699559  -6.3074420170 -8.5481119728
   763  0.2633571912  75.7800247167  136.3962277091  -1.7822973228  -6.7939385419 -8.5762358647
   764  0.3063655347  68.0619838246  148.0521793206  -2.5506974697  -6.2133281629 -8.7640256326
   765  0.2497899169  72.3473632046  149.0132266452  -1.9363377165  -6.2260837994 -8.1624215159
   766  0.2634553524  79.3319209074  132.4472783972  -0.9100888035  -7.2987598138 -8.2088486173
   767  0.2306801828  65.3339240418  167.4833923150  -3.0303865834  -8.2657203015 -11.2961068849
   768  0.2967970616  69.3205106671  147.7776419486  -1.2802486775  -6.2113803976 -7.4916290751
   769  0.3120721341  76.7251264023  132.8027749577  -1.4054216032  -7.2469269501 -8.6523485533
   770  0.2508417912  70.7875116481  147.1996638943  -1.7627640222  -6.2097434824 -7.9725075046
   771  0.2494016954  65.1745423273  159.1592426935  -2.3132857805  -6.9242104486 -9.2374962290
   772  0.2181692214  75.2766438249  141.3849020574  -2.4269593334  -6.3791365578 -8.8060958911
   773  0.2633425896  75.2516768018  136.9836376510  -2.0679882678  -6.7321694133 -8.8001576811
   774  0.3063655347  68.0619838246  148.0521793206  -2.5506974697  -6.2133281629 -8.7640256326
   775  0.2497899169  72.3473632046  149.0132266452  -1.9363377165  -6.2260837994 -8.1624215159
   776  0.2634553524  79.3319209074  132.4472783972  -0.9100888035  -7.2987598138 -8.2088486173
   777  0.2306801828  65.3339240418  167.4833923150  -3.0303865834  -8.2657203015 -11.2961068849
   778  0.3205589606  68.5619746180  148.0764946389  -1.5626728873  -6.2135370067 -7.7762098940
   779  0.3120721341  76.7251264023  132.8027749577  -1.4054216032  -7.2469269501 -8.6523485533
   780  0.2509874581  70.5714984564  146.9485159716  -2.2267843693  -6.2100733625 -8.4368577318
   781  0.2494016954  65.1745423273  159.1592426935  -2.3132857805  -6.9242104486 -9.2374962290
   782  0.2063223808  74.2157843498  143.7229821817  -3.3085790105  -6.2703808375 -9.5789598481
   783  0.2727153989  75.5350852007  136.1794760416  -1.7626366496  -6.8176025937 -8.5802392433
   784  0.3072031291  68.0914897016  148.0536142366  -2.4593852145  -6.2133403232 -8.6727255377
   785  0.2497463199  72.4120142513  149.0883932401  -2.0735321590  -6.2274709020 -8.3010030610
   786  0.2596631855  80.8867980273  130.9188718049  -1.0002503447  -7.5360046445 -8.5362549892
   787  0.2368297552  65.2815709327  164.7491067984  -1.6173466236  -7.7486447429 -9.3659913666
   788  0.3387190318  68.0374337545  148.3709280230  -1.9170598009  -6.2165351408 -8.1335949418
   789  0.3120721341  76.7251264023  132.8027749577  -1.4054216032  -7.2469269501 -8.6523485533
   790  0.2509874581  70.5714984564  146.9485159716  -2.2267843693  -6.2100733625 -8.4368577318
   791  0.2494016954  65.1745423273  159.1592426935  -2.3132857805  -6.9242104486 -9.2374962290
   792  0.2063223808  74.2157843498  143.7229821817  -3.3085790105  -6.2703808375 -9.5789598481
   793  0.2927412442  73.2602587885  139.8784259287  -1.3422962729  -6.4781689066 -7.8204651795
   794  0.3055954723  68.0272980254  148.4350173093  -2.3255989928  -6.2173026317 -8.5429016245
   795  0.2498557080  72.2497997861  148.8997944530  -1.7484764647  -6.2240975204 -7.9725739851
   796  0.2596631855  80.8867980273  130.9188718049  -1.0002503447  -7.5360046445 -8.5362549892
   797  0.2392517026  64.5722934053  166.4183480603  -1.5665808262  -8.0554227193 -9.6220035455
   798  0.3270502094  68.5819647171  147.9612797869  -1.6048966831  -6.2125997933 -7.8174964764
   799  0.3120721341  76.7251264023  132.8027749577  -1.4054216032  -7.2469269501 -8.6523485533
   800  0.2505382165  71.2376903439  147.7230645413  -1.1837288775  -6.2110829975 -7.3948118750
   801  0.2490547702  64.6433351410  160.1140061753  -2.6080042575  -7.0428988690 -9.6509031265
   802  0.2314204027  77.3546430208  137.6983666099  -1.6085349557  -6.6616654275 -8.2702003832
   803  0.2713563393  76.1762567708  134.8403532504  -1.9872968513  -6.9742200238 -8.9615168751
   804  0.2733554264  66.3483233758  157.1740957668  -0.8955548998  -6.7066139203 -7.6021688201
   805  0.2603135542  69.3539613771  155.2540591173  -2.1952029024  -6.5336447575 -8.7288476599
   806  0.2580953639  78.4861706638  135.2336314681  -1.0639547873  -6.9263641743 -7.9903189616
   807  0.2420315686  60.0349598835  176.6130414069  -1.2856529351  -10.5337787595 -11.8194316946
   808  0.3270502094  68.5819647171  147.9612797869  -1.6048966831  -6.2125997933 -7.8174964764
   809  0.3120721341  76.7251264023  132.8027749577  -1.4054216032  -7.2469269501 -8.6523485533
   810  0.2505382165  71.2376903439  147.7230645413  -1.1837288775  -6.2110829975 -7.3948118750
   811  0.2490547702  64.6433351410  160.1140061753  -2.6080042575  -7.0428988690 -9.6509031265
   812  0.2234554569  79.5601828448  132.8588065965  -2.4904155640  -7.2388725992 -9.7292881632
   813  0.2824514764  76.3258248640  134.2851090131  -1.6645634183  -7.0444179297 -8.7089813480
   814  0.2733554264  66.3483233758  157.1740957668  -0.8955548998  -6.7066139203 -7.6021688201
   815  0.2656079334  68.1338154393  156.0335025890  -1.2362315909  -6.5994168635 -7.8356484544
   816  0.2580953639  78.4861706638  135.2336314681  -1.0639547873  -6.9263641743 -7.9903189616
   817  0.2420315686  60.0349598835  176.6130414069  -1.2856529351  -10.5337787595 -11.8194316946
   818  0.3192683842  69.9331548161  145.5749884295  -1.4370550520  -6.2230351583 -7.6600902104
   819  0.3120721341  76.7251264023  132.8027749577  -1.4054216032  -7.2469269501 -8.6523485533
   820  0.2566440613  71.7821938356  146.2425644152  -1.0693918892  -6.2143789514 -7.2837708406
   821  0.2524175088  65.2880448564  158.6566216102  -2.2548025307  -6.8653912499 -9.1201937806
   822  0.2255072026  79.4965683588  132.9994691201  -2.3078573169  -7.2187911940 -9.5266485109
   823  0.2824514764  76.3258248640  134.2851090131  -1.6645634183  -7.0444179297 -8.7089813480
   824  0.2586308251  65.1986432738  160.8940092769  -1.0359916960  -7.1466281188 -8.1826198148
   825  0.2674297703  67.3923110850  158.0234341421  -1.4029566835  -6.7948884275 -8.1978451110
   826  0.2467090440  79.4961178930  135.6770593793  -1.9011754306  -6.8742609805 -8.7754364111
   827  0.2477115000  61.8018683932  171.2343050409  -1.1457000769  -9.0966753703 -10.2423754473
   828  0.3383246105  67.9894658635  148.1308643044  -2.0170573071  -6.2140253771 -8.2310826843
   829  0.3378797675  77.0730264317  131.5112596193  -1.7926071062  -7.4412796226 -9.2338867289
   830  0.2566440613  71.7821938356  146.2425644152  -1.0693918892  -6.2143789514 -7.2837708406
   831  0.2476986915  64.6373345163  160.1554587206  -2.6985184898  -7.0482583903 -9.7467768801
   832  0.2255072026  79.4965683588  132.9994691201  -2.3078573169  -7.2187911940 -9.5266485109
   833  0.2824514764  76.3258248640  134.2851090131  -1.6645634183  -7.0444179297 -8.7089813480
   834  0.2586308251  65.1986432738  160.8940092769  -1.0359916960  -7.1466281188 -8.1826198148
   835  0.2674297703  67.3923110850  158.0234341421  -1.4029566835  -6.7948884275 -8.1978451110
   836  0.2430879412  82.3076794199  131.8261571342  -2.4037638007  -7.3923548445 -9.7961186452
   837  0.2477115000  61.8018683932  171.2343050409  -1.1457000769  -9.0966753703 -10.2423754473
   838  0.3383246105  67.9894658635  148.1308643044  -2.0170573071  -6.2140253771 -8.2310826843
   839  0.3378797675  77.0730264317  131.5112596193  -1.7926071062  -7.4412796226 -9.2338867289
   840  0.2364453636  72.7200935785  145.7756087059  -1.5062562355  -6.2199653867 -7.7262216223
   841  0.2819482474  69.3602425208  149.2767783756  -0.9928514034  -6.2311955530 -7.2240469565
   842  0.2255072026  79.4965683588  132.9994691201  -2.3078573169  -7.2187911940 -9.5266485109
   843  0.2651388928  69.0878461148  152.6986519197  -0.9216304278  -6.3606202654 -7.2822506932
   844  0.2586308251  65.1986432738  160.8940092769  -1.0359916960  -7.1466281188 -8.1826198148
   845  0.2674297703  67.3923110850  158.0234341421  -1.4029566835  -6.7948884275 -8.1978451110
   846  0.2441309883  82.4744597498  131.7565457401  -2.6156688899  -7.4030848056 -10.0187536955
   847  0.2533572434  63.0482671773  167.6134423956  -1.0329853218  -8.2921763614 -9.3251616832
   848  0.3422522326  67.8939667489  148.0510308913  -2.1440670131  -6.2133184452 -8.3573854583
   849  0.3399316644  77.0287731198  131.4840852599  -1.8501037587  -7.4455481075 -9.2956518662
   850  0.2364453636  72.7200935785  145.7756087059  -1.5062562355  -6.2199653867 -7.7262216223
   851  0.2795565195  69.0360517267  150.7176747540  -0.8753650618  -6.2714223213 -7.1467873831
   852  0.2255072026  79.4965683588  132.9994691201  -2.3078573169  -7.2187911940 -9.5266485109
   853  0.2651388928  69.0878461148  152.6986519197  -0.9216304278  -6.3606202654 -7.2822506932
   854  0.2586308251  65.1986432738  160.8940092769  -1.0359916960  -7.1466281188 -8.1826198148
   855  0.2674297703  67.3923110850  158.0234341421  -1.4029566835  -6.7948884275 -8.1978451110
   856  0.2400749761  81.8259147157  132.0272378775  -1.9172758439  -7.3616322378 -9.2789080817
   857  0.2576423990  64.0276296779  164.8499693429  -0.9693875030  -7.7663905991 -8.7357781021
   858  0.3204663332  68.2908255965  148.9776530174  -1.4673350869  -6.2254470311 -7.6927821180
   859  0.3402133694  77.0226975803  131.4803544907  -1.8581296705  -7.4461347045 -9.3042643750
   860  0.2364453636  72.7200935785  145.7756087059  -1.5062562355  -6.2199653867 -7.7262216223
   861  0.2865750300  69.9873875650  146.4893734295  -1.4831973119  -6.2123070640 -7.6955043759
   862  0.2256585640  79.4528659328  133.0898181563  -2.2867760605  -7.2059970520 -9.4927731125
   863  0.2652862392  69.1873065547  152.4598132473  -0.9194300684  -6.3477855678 -7.2672156361
   864  0.2586308251  65.1986432738  160.8940092769  -1.0359916960  -7.1466281188 -8.1826198148
   865  0.2674297703  67.3923110850  158.0234341421  -1.4029566835  -6.7948884275 -8.1978451110
   866  0.2488164926  73.9929361854  145.6261498457  -1.8640833331  -6.2222140843 -8.0862974174
   867  0.2576423990  64.0276296779  164.8499693429  -0.9693875030  -7.7663905991 -8.7357781021
   868  0.3373689507  68.0162179688  147.9110070932  -2.0743633675  -6.2122324485 -8.2865958160
   869  0.4007110208  75.7392989702  130.6303790439  -4.2067902700  -7.5834063518 -11.7901966217
   870  0.2364453636  72.7200935785  145.7756087059  -1.5062562355  -6.2199653867 -7.7262216223
   871  0.2629400077  70.9045964935  145.8278701820  -1.7701817164  -6.2192317927 -7.9894135090
   872  0.2314851591  76.6428024981  138.8756640296  -1.6207835052  -6.5566690576 -8.1774525628
   873  0.2667476807  70.1737958064  150.0909137780  -0.8957231774  -6.2513731438 -7.1470963212
   874  0.2584861768  65.0272747718  161.4729324877  -1.0137552086  -7.2275501907 -8.2413053992
   875  0.2607408951  69.1137202142  154.4602562737  -1.4007422764  -6.4729051957 -7.8736474721
   876  0.2525508053  70.5305083599  151.7459817948  -1.4177958510  -6.3128259673 -7.7306218183
   877  0.2574004461  63.8643088234  165.2421588015  -0.9723641234  -7.8363596506 -8.8087237741
   878  0.3185882420  68.8915546461  147.5136342279  -1.5157878221  -6.2102182376 -7.7260060597
   879  0.4007110208  75.7392989702  130.6303790439  -4.2067902700  -7.5834063518 -11.7901966217
   880  0.2364453636  72.7200935785  145.7756087059  -1.5062562355  -6.2199653867 -7.7262216223
   881  0.2629400077  70.9045964935  145.8278701820  -1.7701817164  -6.2192317927 -7.9894135090
   882  0.2312454597  76.7609951801  138.6317912530  -1.6367969148  -6.5772804803 -8.2140773951
   883  0.2667476807  70.1737958064  150.0909137780  -0.8957231774  -6.2513731438 -7.1470963212
   884  0.2764543148  66.3805905770  157.5764032905  -0.8409384788  -6.7475278339 -7.5884663127
   885  0.2501129957  70.9622947115  152.3526248512  -2.2397909586  -6.3422109349 -8.5820018934
   886  0.2515017415  70.8372941880  151.1002460891  -1.4085370339  -6.2855909332 -7.6941279671
   887  0.2636653060  64.6916553732  162.7216793820  -0.9033374286  -7.4135119185 -8.3168493471
   888  0.3014150214  70.4388334812  145.7672981838  -1.1173572058  -6.2200845584 -7.3374417642
   889  0.4007110208  75.7392989702  130.6303790439  -4.2067902700  -7.5834063518 -11.7901966217
   890  0.2364453636  72.7200935785  145.7756087059  -1.5062562355  -6.2199653867 -7.7262216223
   891  0.2629400077  70.9045964935  145.8278701820  -1.7701817164  -6.2192317927 -7.9894135090
   892  0.2312454597  76.7609951801  138.6317912530  -1.6367969148  -6.5772804803 -8.2140773951
   893  0.2667476807  70.1737958064  150.0909137780  -0.8957231774  -6.2513731438 -7.1470963212
   894  0.2652919952  64.5657619714  162.8573838183  -0.8889566090  -7.4346602238 -8.3236168328
   895  0.2501129957  70.9622947115  152.3526248512  -2.2397909586  -6.3422109349 -8.5820018934
   896  0.2710576474  65.1184095464  163.1375948615  -1.3298273668  -7.4789112932 -8.8087386600
   897  0.2632687961  64.7223422318  162.6886010572  -0.9071997730  -7.4083848770 -8.3155846500
   898  0.3214735014  68.6315975374  147.8070347829  -1.6032539468  -6.2115529040 -7.8148068508
   899  0.3265254098  76.1865589154  134.1330945785  -1.4673214262  -7.0641742380 -8.5314956642
   900  0.2364453636  72.7200935785  145.7756087059  -1.5062562355  -6.2199653867 -7.7262216223
   901  0.2615303344  70.9109374587  146.5449329221  -1.4158068538  -6.2119246560 -7.6277315098
   902  0.2312454597  76.7609951801  138.6317912530  -1.6367969148  -6.5772804803 -8.2140773951
   903  0.2652977786  67.9017819322  155.3412786374  -0.9188637102  -6.5407027618 -7.4595664719
   904  0.2631251994  65.4788643463  161.3578338669  -0.9498422494  -7.2111947407 -8.1610369901
   905  0.2601310879  67.8833597696  159.6379733918  -3.0446122262  -6.9825828926 -10.0271951188
   906  0.2632719669  66.8283309014  159.2321930101  -1.2448283561  -6.9329573951 -8.1777857512
   907  0.2560654729  67.4303145277  157.2772668524  -1.0405207174  -6.7169519133 -7.7574726307
   908  0.3020169964  70.3845965240  145.8285127180  -1.1278888144  -6.2192229434 -7.3471117578
   909  0.3092609876  74.7852134181  137.4300092488  -1.1240533121  -6.6875384341 -7.8115917462
   910  0.2364453636  72.7200935785  145.7756087059  -1.5062562355  -6.2199653867 -7.7262216223
   911  0.2615303344  70.9109374587  146.5449329221  -1.4158068538  -6.2119246560 -7.6277315098
   912  0.2312454597  76.7609951801  138.6317912530  -1.6367969148  -6.5772804803 -8.2140773951
   913  0.2652977786  67.9017819322  155.3412786374  -0.9188637102  -6.5407027618 -7.4595664719
   914  0.2619297696  66.4388838924  160.6711618704  -1.4267293155  -7.1163717994 -8.5431011149
   915  0.2603245949  67.8438447686  159.7512257179  -3.0760251903  -6.9967271577 -10.0727523480
   916  0.2632719669  66.8283309014  159.2321930101  -1.2448283561  -6.9329573951 -8.1777857512
   917  0.2550689114  66.7955949056  159.2343943757  -1.1274285767  -6.9332221721 -8.0606507488
   918  0.3020169964  70.3845965240  145.8285127180  -1.1278888144  -6.2192229434 -7.3471117578
   919  0.3092609876  74.7852134181  137.4300092488  -1.1240533121  -6.6875384341 -7.8115917462
   920  0.2364453636  72.7200935785  145.7756087059  -1.5062562355  -6.2199653867 -7.7262216223
   921  0.2615303344  70.9109374587  146.5449329221  -1.4158068538  -6.2119246560 -7.6277315098
   922  0.2397191540  74.1329733079  144.0823234440  -1.3556957055  -6.2585125645 -7.6142082700
   923  0.2652977786  67.9017819322  155.3412786374  -0.9188637102  -6.5407027618 -7.4595664719
   924  0.2619297696  66.4388838924  160.6711618704  -1.4267293155  -7.1163717994 -8.5431011149
   925  0.2741211234  63.6329112487  170.2424575940  -4.0400203467  -8.8632644812 -12.9032848279
   926  0.2700827634  64.7160382666  163.6130998528  -1.1019997071  -7.5558000153 -8.6577997225
   927  0.2550689114  66.7955949056  159.2343943757  -1.1274285767  -6.9332221721 -8.0606507488
   928  0.3147047069  71.2424915084  142.5415358344  -1.5810157627  -6.3185032718 -7.8995190346
   929  0.3092609876  74.7852134181  137.4300092488  -1.1240533121  -6.6875384341 -7.8115917462
   930  0.2410352368  71.6130418484  148.7562980337  -1.2949750262  -6.2217691369 -7.5167441631
   931  0.2615303344  70.9109374587  146.5449329221  -1.4158068538  -6.2119246560 -7.6277315098
   932  0.2043385785  73.8011351999  147.4667999918  -2.8955125469  -6.2100848639 -9.1055974108
   933  0.2652977786  67.9017819322  155.3412786374  -0.9188637102  -6.5407027618 -7.4595664719
   934  0.2548049840  68.0787307735  155.0775722555  -1.0112932505  -6.5195957383 -7.5308889888
   935  0.2741211234  63.6329112487  170.2424575940  -4.0400203467  -8.8632644812 -12.9032848279
   936  0.2668603430  67.0501786137  157.1820836491  -0.9057281449  -6.7074105240 -7.6131386689
   937  0.2666049522  62.8355298333  167.8476585882  -0.9192436788  -8.3402494965 -9.2594931752
   938  0.2993895534  70.2069387659  146.5091985302  -1.0633882597  -6.2121670685 -7.2755553282
   939  0.3092609876  74.7852134181  137.4300092488  -1.1240533121  -6.6875384341 -7.8115917462
   940  0.2197908840  72.1249448540  149.5743724721  -2.0630848110  -6.2378025484 -8.3008873594
   941  0.2615303344  70.9109374587  146.5449329221  -1.4158068538  -6.2119246560 -7.6277315098
   942  0.2030879899  73.9833622205  147.0586323267  -2.9532282954  -6.2098510764 -9.1630793718
   943  0.2641949318  72.1761186013  144.7897945466  -1.0136354462  -6.2389200024 -7.2525554486
   944  0.2255993576  64.4819367952  164.5422427419  -2.0741209953  -7.7125671634 -9.7866881588
   945  0.2741211234  63.6329112487  170.2424575940  -4.0400203467  -8.8632644812 -12.9032848279
   946  0.2668603430  67.0501786137  157.1820836491  -0.9057281449  -6.7074105240 -7.6131386689
   947  0.2564175498  64.8570377218  163.8711334842  -1.1045487323  -7.5984702056 -8.7030189380
   948  0.3000379037  70.1948825800  146.5085865682  -1.0672911912  -6.2121713311 -7.2794625223
   949  0.3092609876  74.7852134181  137.4300092488  -1.1240533121  -6.6875384341 -7.8115917462
   950  0.2197908840  72.1249448540  149.5743724721  -2.0630848110  -6.2378025484 -8.3008873594
   951  0.2542293231  70.3183176093  147.9391765824  -1.7057307126  -6.2124351710 -7.9181658836
   952  0.1902204880  76.1853867295  143.0020661142  -3.8339867484  -6.2980850270 -10.1320717754
   953  0.2641949318  72.1761186013  144.7897945466  -1.0136354462  -6.2389200024 -7.2525554486
   954  0.2221474965  64.4399227701  164.6174118475  -2.3314373910  -7.7256273358 -10.0570647268
   955  0.2741211234  63.6329112487  170.2424575940  -4.0400203467  -8.8632644812 -12.9032848279
   956  0.2680455318  64.7709030009  162.6923788158  -0.9063404014  -7.4089698648 -8.3153102662
   957  0.2564175498  64.8570377218  163.8711334842  -1.1045487323  -7.5984702056 -8.7030189380
   958  0.2912260786  70.2186267755  146.7837775670  -1.0478564573  -6.2106323068 -7.2584887641
   959  0.3092609876  74.7852134181  137.4300092488  -1.1240533121  -6.6875384341 -7.8115917462
   960  0.2502025181  73.0291923169  145.4464021682  -1.1111026935  -6.2252143657 -7.3363170592
   961  0.2556698251  69.8341813666  149.5543105154  -1.3404465033  -6.2373293064 -7.5777758097
   962  0.1804555889  77.6463250843  139.8316530135  -4.9376595293  -6.4816069027 -11.4192664320
   963  0.2679025574  68.9850644863  154.2968592593  -1.3790554410  -6.4611845335 -7.8402399745
   964  0.2311622864  65.1940465660  162.2901135527  -1.8719579369  -7.3474803717 -9.2194383086
   965  0.2741211234  63.6329112487  170.2424575940  -4.0400203467  -8.8632644812 -12.9032848279
   966  0.2680455318  64.7709030009  162.6923788158  -0.9063404014  -7.4089698648 -8.3153102662
   967  0.2590813409  65.8144773122  161.6505109652  -1.1670164883  -7.2530438593 -8.4200603476
   968  0.3232040958  70.5643831685  144.2920597401  -1.4597353464  -6.2521822045 -7.7119175509
   969  0.2963949164  74.4026587615  139.1764053704  -0.9390700806  -6.5320702079 -7.4711402885
   970  0.2502025181  73.0291923169  145.4464021682  -1.1111026935  -6.2252143657 -7.3363170592
   971  0.2556698251  69.8341813666  149.5543105154  -1.3404465033  -6.2373293064 -7.5777758097
   972  0.1804555889  77.6463250843  139.8316530135  -4.9376595293  -6.4816069027 -11.4192664320
   973  0.2633475147  68.1189595261  156.7141499325  -1.4682300915  -6.6618212489 -8.1300513404
   974  0.2368668825  65.3208168622  162.1594259458  -1.5130941167  -7.3278519676 -8.8409460842
   975  0.2721885553  64.3921090819  168.2389935199  -3.8776393252  -8.4217954281 -12.2994347534
   976  0.2680455318  64.7709030009  162.6923788158  -0.9063404014  -7.4089698648 -8.3153102662
   977  0.2561371726  68.2068367244  156.2773185145  -1.2290713962  -6.6212383199 -7.8503097161
   978  0.2675540323  73.3252563019  142.5531839851  -0.9322271401  -6.3179606918 -7.2501878319
   979  0.3678669863  72.4030650851  138.7724707751  -2.7900884815  -6.5653180675 -9.3554065490
   980  0.2481199048  73.9930890679  143.4334742818  -1.1307956294  -6.2808818988 -7.4116775282
   981  0.2448639660  66.6598792524  155.9201695011  -2.4347691665  -6.5894759682 -9.0242451347
   982  0.1804555889  77.6463250843  139.8316530135  -4.9376595293  -6.4816069027 -11.4192664320
   983  0.2630923962  67.8032061175  157.5729894225  -1.5263421623  -6.7471738411 -8.2735160034
   984  0.2927600593  68.3425652476  152.1810275894  -0.9182259125  -6.3335257327 -7.2517516452
   985  0.2721885553  64.3921090819  168.2389935199  -3.8776393252  -8.4217954281 -12.2994347534
   986  0.2565967734  65.7038181007  159.3477648624  -1.1720556449  -6.9469237219 -8.1189793668
   987  0.2513249489  67.5464828648  156.1248613631  -1.1030042603  -6.6075238064 -7.7105280667
   988  0.2675540323  73.3252563019  142.5531839851  -0.9322271401  -6.3179606918 -7.2501878319
   989  0.3402297742  71.1126443721  142.6253402905  -1.8409064779  -6.3146298292 -8.1555363072
   990  0.2389306063  74.3088693698  143.8497137206  -1.3841646538  -6.2660477710 -7.6502124248
   991  0.2449629951  66.6516604566  155.9648150743  -2.4081231560  -6.5933766758 -9.0014998317
   992  0.1804555889  77.6463250843  139.8316530135  -4.9376595293  -6.4816069027 -11.4192664320
   993  0.2630923962  67.8032061175  157.5729894225  -1.5263421623  -6.7471738411 -8.2735160034
   994  0.2934885860  68.1985511443  152.4592999625  -0.9252312110  -6.3477585992 -7.2729898101
   995  0.2721885553  64.3921090819  168.2389935199  -3.8776393252  -8.4217954281 -12.2994347534
   996  0.2408428934  64.6384943297  162.2893402834  -1.8319489037  -7.3473637295 -9.1793126332
   997  0.2586486581  67.6597453541  155.4881633021  -0.9735238243  -6.5527609383 -7.5262847626
   998  0.2676850727  73.2993524200  142.6032369627  -0.9298591877  -6.3156446262 -7.2455038139
   999  0.3429346661  71.0020326339  142.6726359297  -1.9223575123  -6.3124748267 -8.2348323390
