0 0 
0.01 0.00997911 
0.02 0.0199164 
0.03 0.0298117 
0.04 0.0396645 
0.05 0.0494745 
0.06 0.0592416 
0.07 0.0689655 
0.08 0.078646 
0.09 0.0882829 
0.1 0.0978758 
0.11 0.107425 
0.12 0.116929 
0.13 0.12639 
0.14 0.135805 
0.15 0.145176 
0.16 0.154503 
0.17 0.163784 
0.18 0.173019 
0.19 0.18221 
0.2 0.191356 
0.21 0.200456 
0.22 0.20951 
0.23 0.218519 
0.24 0.227482 
0.25 0.2364 
0.26 0.245272 
0.27 0.254099 
0.28 0.262879 
0.29 0.271614 
0.3 0.280303 
0.31 0.288947 
0.32 0.297544 
0.33 0.306096 
0.34 0.314603 
0.35 0.323064 
0.36 0.331479 
0.37 0.339849 
0.38 0.348174 
0.39 0.356453 
0.4 0.364687 
0.41 0.372876 
0.42 0.38102 
0.43 0.389119 
0.44 0.397173 
0.45 0.405183 
0.46 0.413148 
0.47 0.421068 
0.48 0.428944 
0.49 0.436776 
0.5 0.444564 
0.51 0.452309 
0.52 0.460009 
0.53 0.467666 
0.54 0.47528 
0.55 0.48285 
0.56 0.490378 
0.57 0.497862 
0.58 0.505304 
0.59 0.512704 
0.6 0.520061 
0.61 0.527376 
0.62 0.534649 
0.63 0.541881 
0.64 0.549071 
0.65 0.55622 
0.66 0.563327 
0.67 0.570394 
0.68 0.57742 
0.69 0.584406 
0.7 0.591352 
0.71 0.598257 
0.72 0.605123 
0.73 0.611949 
0.74 0.618736 
0.75 0.625484 
0.76 0.632192 
0.77 0.638863 
0.78 0.645494 
0.79 0.652088 
0.8 0.658643 
0.81 0.665161 
0.82 0.671642 
0.83 0.678085 
0.84 0.684491 
0.85 0.69086 
0.86 0.697192 
0.87 0.703489 
0.88 0.709749 
0.89 0.715973 
0.9 0.722162 
0.91 0.728315 
0.92 0.734433 
0.93 0.740516 
0.94 0.746564 
0.95 0.752578 
0.96 0.758558 
0.97 0.764503 
0.98 0.770415 
0.99 0.776294 
1 0.782139 
1.01 0.787951 
1.02 0.79373 
1.03 0.799476 
1.04 0.80519 
1.05 0.810872 
1.06 0.816522 
1.07 0.82214 
1.08 0.827727 
1.09 0.833282 
1.1 0.838806 
1.11 0.8443 
1.12 0.849763 
1.13 0.855195 
1.14 0.860598 
1.15 0.86597 
1.16 0.871313 
1.17 0.876626 
1.18 0.88191 
1.19 0.887164 
1.2 0.89239 
1.21 0.897588 
1.22 0.902756 
1.23 0.907897 
1.24 0.913009 
1.25 0.918094 
1.26 0.923151 
1.27 0.928181 
1.28 0.933183 
1.29 0.938158 
1.3 0.943106 
1.31 0.948028 
1.32 0.952924 
1.33 0.957793 
1.34 0.962636 
1.35 0.967453 
1.36 0.972245 
1.37 0.977011 
1.38 0.981752 
1.39 0.986468 
1.4 0.991158 
1.41 0.995825 
1.42 1.00047 
1.43 1.00508 
1.44 1.00968 
1.45 1.01425 
1.46 1.01879 
1.47 1.02331 
1.48 1.02781 
1.49 1.03229 
1.5 1.03674 
1.51 1.04117 
1.52 1.04557 
1.53 1.04996 
1.54 1.05432 
1.55 1.05865 
1.56 1.06297 
1.57 1.06727 
1.58 1.07154 
1.59 1.07579 
1.6 1.08002 
1.61 1.08423 
1.62 1.08841 
1.63 1.09258 
1.64 1.09673 
1.65 1.10085 
1.66 1.10496 
1.67 1.10904 
1.68 1.1131 
1.69 1.11715 
1.7 1.12117 
1.71 1.12517 
1.72 1.12916 
1.73 1.13312 
1.74 1.13707 
1.75 1.14099 
1.76 1.1449 
1.77 1.14879 
1.78 1.15266 
1.79 1.15651 
1.8 1.16034 
1.81 1.16415 
1.82 1.16795 
1.83 1.17172 
1.84 1.17548 
1.85 1.17922 
1.86 1.18295 
1.87 1.18665 
1.88 1.19034 
1.89 1.19401 
1.9 1.19767 
1.91 1.2013 
1.92 1.20492 
1.93 1.20852 
1.94 1.21211 
1.95 1.21568 
1.96 1.21923 
1.97 1.22277 
1.98 1.22629 
1.99 1.22979 
2 1.23328 
2.01 1.23675 
2.02 1.24021 
2.03 1.24365 
2.04 1.24707 
2.05 1.25048 
2.06 1.25387 
2.07 1.25725 
2.08 1.26061 
2.09 1.26396 
2.1 1.26729 
2.11 1.27061 
2.12 1.27391 
2.13 1.2772 
2.14 1.28048 
2.15 1.28374 
2.16 1.28698 
2.17 1.29021 
2.18 1.29343 
2.19 1.29663 
2.2 1.29982 
2.21 1.30299 
2.22 1.30615 
2.23 1.3093 
2.24 1.31243 
2.25 1.31555 
2.26 1.31866 
2.27 1.32175 
2.28 1.32483 
2.29 1.3279 
2.3 1.33095 
2.31 1.33399 
2.32 1.33702 
2.33 1.34004 
2.34 1.34304 
2.35 1.34603 
2.36 1.34901 
2.37 1.35197 
2.38 1.35492 
2.39 1.35786 
2.4 1.36079 
2.41 1.3637 
2.42 1.36661 
2.43 1.3695 
2.44 1.37238 
2.45 1.37524 
2.46 1.3781 
2.47 1.38094 
2.48 1.38378 
2.49 1.3866 
2.5 1.38941 
2.51 1.3922 
2.52 1.39499 
2.53 1.39777 
2.54 1.40053 
2.55 1.40328 
2.56 1.40602 
2.57 1.40876 
2.58 1.41148 
2.59 1.41418 
2.6 1.41688 
2.61 1.41957 
2.62 1.42225 
2.63 1.42491 
2.64 1.42757 
2.65 1.43022 
2.66 1.43285 
2.67 1.43548 
2.68 1.43809 
2.69 1.44069 
2.7 1.44329 
2.71 1.44587 
2.72 1.44845 
2.73 1.45101 
2.74 1.45357 
2.75 1.45611 
2.76 1.45865 
2.77 1.46117 
2.78 1.46369 
2.79 1.46619 
2.8 1.46869 
2.81 1.47118 
2.82 1.47366 
2.83 1.47612 
2.84 1.47858 
2.85 1.48103 
2.86 1.48347 
2.87 1.4859 
2.88 1.48833 
2.89 1.49074 
2.9 1.49315 
2.91 1.49554 
2.92 1.49793 
2.93 1.50031 
2.94 1.50268 
2.95 1.50504 
2.96 1.50739 
2.97 1.50973 
2.98 1.51207 
2.99 1.51439 
3 1.51671 
3.01 1.51902 
3.02 1.52132 
3.03 1.52361 
3.04 1.5259 
3.05 1.52817 
3.06 1.53044 
3.07 1.5327 
3.08 1.53495 
3.09 1.5372 
3.1 1.53943 
3.11 1.54166 
3.12 1.54388 
3.13 1.5461 
3.14 1.5483 
3.15 1.5505 
3.16 1.55269 
3.17 1.55487 
3.18 1.55704 
3.19 1.55921 
3.2 1.56137 
3.21 1.56352 
3.22 1.56566 
3.23 1.5678 
3.24 1.56993 
3.25 1.57205 
3.26 1.57416 
3.27 1.57627 
3.28 1.57837 
3.29 1.58046 
3.3 1.58255 
3.31 1.58463 
3.32 1.5867 
3.33 1.58876 
3.34 1.59082 
3.35 1.59287 
3.36 1.59492 
3.37 1.59695 
3.38 1.59898 
3.39 1.60101 
3.4 1.60303 
3.41 1.60504 
3.42 1.60704 
3.43 1.60903 
3.44 1.61102 
3.45 1.61301 
3.46 1.61498 
3.47 1.61696 
3.48 1.61892 
3.49 1.62088 
3.5 1.62283 
3.51 1.62477 
3.52 1.62671 
3.53 1.62864 
3.54 1.63057 
3.55 1.63249 
3.56 1.6344 
3.57 1.63631 
3.58 1.63821 
3.59 1.64011 
3.6 1.642 
3.61 1.64388 
3.62 1.64576 
3.63 1.64763 
3.64 1.64949 
3.65 1.65135 
3.66 1.6532 
3.67 1.65505 
3.68 1.65689 
3.69 1.65873 
3.7 1.66056 
3.71 1.66238 
3.72 1.6642 
3.73 1.66602 
3.74 1.66782 
3.75 1.66962 
3.76 1.67142 
3.77 1.67321 
3.78 1.675 
3.79 1.67678 
3.8 1.67855 
3.81 1.68032 
3.82 1.68208 
3.83 1.68384 
3.84 1.68559 
3.85 1.68734 
3.86 1.68908 
3.87 1.69082 
3.88 1.69255 
3.89 1.69428 
3.9 1.696 
3.91 1.69771 
3.92 1.69942 
3.93 1.70113 
3.94 1.70283 
3.95 1.70452 
3.96 1.70621 
3.97 1.7079 
3.98 1.70958 
3.99 1.71125 
4 1.71292 
4.01 1.71459 
