0 0 
0.01 0.009978 
0.02 0.019912 
0.03 0.0298019 
0.04 0.0396472 
0.05 0.0494477 
0.06 0.0592032 
0.07 0.0689133 
0.08 0.0785778 
0.09 0.0881966 
0.1 0.0977694 
0.11 0.107296 
0.12 0.116776 
0.13 0.12621 
0.14 0.135597 
0.15 0.144938 
0.16 0.154231 
0.17 0.163478 
0.18 0.172677 
0.19 0.181829 
0.2 0.190934 
0.21 0.199991 
0.22 0.209001 
0.23 0.217963 
0.24 0.226878 
0.25 0.235745 
0.26 0.244565 
0.27 0.253338 
0.28 0.262062 
0.29 0.27074 
0.3 0.279369 
0.31 0.287952 
0.32 0.296486 
0.33 0.304974 
0.34 0.313414 
0.35 0.321807 
0.36 0.330153 
0.37 0.338452 
0.38 0.346704 
0.39 0.354908 
0.4 0.363067 
0.41 0.371178 
0.42 0.379243 
0.43 0.387262 
0.44 0.395234 
0.45 0.403161 
0.46 0.411041 
0.47 0.418876 
0.48 0.426665 
0.49 0.434409 
0.5 0.442107 
0.51 0.449761 
0.52 0.457369 
0.53 0.464933 
0.54 0.472452 
0.55 0.479927 
0.56 0.487358 
0.57 0.494745 
0.58 0.502088 
0.59 0.509388 
0.6 0.516644 
0.61 0.523858 
0.62 0.531028 
0.63 0.538156 
0.64 0.545242 
0.65 0.552286 
0.66 0.559287 
0.67 0.566247 
0.68 0.573166 
0.69 0.580043 
0.7 0.586879 
0.71 0.593675 
0.72 0.60043 
0.73 0.607145 
0.74 0.61382 
0.75 0.620455 
0.76 0.62705 
0.77 0.633607 
0.78 0.640124 
0.79 0.646603 
0.8 0.653043 
0.81 0.659445 
0.82 0.665809 
0.83 0.672135 
0.84 0.678423 
0.85 0.684675 
0.86 0.690889 
0.87 0.697067 
0.88 0.703208 
0.89 0.709313 
0.9 0.715382 
0.91 0.721415 
0.92 0.727413 
0.93 0.733375 
0.94 0.739303 
0.95 0.745196 
0.96 0.751054 
0.97 0.756878 
0.98 0.762668 
0.99 0.768424 
1 0.774147 
1.01 0.779837 
1.02 0.785493 
1.03 0.791117 
1.04 0.796708 
1.05 0.802267 
1.06 0.807794 
1.07 0.813289 
1.08 0.818752 
1.09 0.824184 
1.1 0.829585 
1.11 0.834956 
1.12 0.840295 
1.13 0.845604 
1.14 0.850883 
1.15 0.856132 
1.16 0.861351 
1.17 0.86654 
1.18 0.871701 
1.19 0.876832 
1.2 0.881935 
1.21 0.887009 
1.22 0.892054 
1.23 0.897071 
1.24 0.90206 
1.25 0.907022 
1.26 0.911956 
1.27 0.916862 
1.28 0.921742 
1.29 0.926594 
1.3 0.93142 
1.31 0.93622 
1.32 0.940993 
1.33 0.94574 
1.34 0.950461 
1.35 0.955156 
1.36 0.959826 
1.37 0.96447 
1.38 0.969089 
1.39 0.973684 
1.4 0.978254 
1.41 0.982799 
1.42 0.98732 
1.43 0.991816 
1.44 0.996289 
1.45 1.00074 
1.46 1.00516 
1.47 1.00956 
1.48 1.01394 
1.49 1.0183 
1.5 1.02263 
1.51 1.02694 
1.52 1.03123 
1.53 1.03549 
1.54 1.03974 
1.55 1.04396 
1.56 1.04815 
1.57 1.05233 
1.58 1.05649 
1.59 1.06062 
1.6 1.06473 
1.61 1.06883 
1.62 1.0729 
1.63 1.07695 
1.64 1.08098 
1.65 1.08499 
1.66 1.08897 
1.67 1.09294 
1.68 1.09689 
1.69 1.10082 
1.7 1.10473 
1.71 1.10862 
1.72 1.11249 
1.73 1.11634 
1.74 1.12017 
1.75 1.12399 
1.76 1.12778 
1.77 1.13156 
1.78 1.13531 
1.79 1.13905 
1.8 1.14277 
1.81 1.14647 
1.82 1.15016 
1.83 1.15382 
1.84 1.15747 
1.85 1.1611 
1.86 1.16472 
1.87 1.16831 
1.88 1.17189 
1.89 1.17545 
1.9 1.179 
1.91 1.18253 
1.92 1.18604 
1.93 1.18953 
1.94 1.19301 
1.95 1.19647 
1.96 1.19992 
1.97 1.20335 
1.98 1.20676 
1.99 1.21016 
2 1.21354 
2.01 1.21691 
2.02 1.22026 
2.03 1.22359 
2.04 1.22691 
2.05 1.23022 
2.06 1.23351 
2.07 1.23678 
2.08 1.24004 
2.09 1.24329 
2.1 1.24652 
2.11 1.24973 
2.12 1.25293 
2.13 1.25612 
2.14 1.25929 
2.15 1.26245 
2.16 1.2656 
2.17 1.26873 
2.18 1.27184 
2.19 1.27494 
2.2 1.27803 
2.21 1.28111 
2.22 1.28417 
2.23 1.28722 
2.24 1.29025 
2.25 1.29327 
2.26 1.29628 
2.27 1.29928 
2.28 1.30226 
2.29 1.30523 
2.3 1.30819 
2.31 1.31113 
2.32 1.31406 
2.33 1.31698 
2.34 1.31989 
2.35 1.32278 
2.36 1.32566 
2.37 1.32853 
2.38 1.33139 
2.39 1.33424 
2.4 1.33707 
2.41 1.33989 
2.42 1.3427 
2.43 1.3455 
2.44 1.34829 
2.45 1.35106 
2.46 1.35382 
2.47 1.35658 
2.48 1.35932 
2.49 1.36205 
2.5 1.36476 
2.51 1.36747 
2.52 1.37017 
2.53 1.37285 
2.54 1.37553 
2.55 1.37819 
2.56 1.38084 
2.57 1.38348 
2.58 1.38611 
2.59 1.38873 
2.6 1.39134 
2.61 1.39394 
2.62 1.39653 
2.63 1.39911 
2.64 1.40168 
2.65 1.40424 
2.66 1.40679 
2.67 1.40933 
2.68 1.41186 
2.69 1.41437 
2.7 1.41688 
2.71 1.41938 
2.72 1.42187 
2.73 1.42435 
2.74 1.42682 
2.75 1.42928 
2.76 1.43173 
2.77 1.43417 
2.78 1.4366 
2.79 1.43903 
2.8 1.44144 
2.81 1.44384 
2.82 1.44624 
2.83 1.44863 
2.84 1.451 
2.85 1.45337 
2.86 1.45573 
2.87 1.45808 
2.88 1.46042 
2.89 1.46275 
2.9 1.46508 
2.91 1.46739 
2.92 1.4697 
2.93 1.472 
2.94 1.47429 
2.95 1.47657 
2.96 1.47884 
2.97 1.48111 
2.98 1.48336 
2.99 1.48561 
3 1.48785 
3.01 1.49008 
3.02 1.4923 
3.03 1.49452 
3.04 1.49673 
3.05 1.49892 
3.06 1.50112 
3.07 1.5033 
3.08 1.50548 
3.09 1.50764 
3.1 1.5098 
3.11 1.51196 
3.12 1.5141 
3.13 1.51624 
3.14 1.51837 
3.15 1.52049 
3.16 1.5226 
3.17 1.52471 
3.18 1.52681 
3.19 1.5289 
3.2 1.53099 
3.21 1.53306 
3.22 1.53514 
3.23 1.5372 
3.24 1.53926 
3.25 1.5413 
3.26 1.54335 
3.27 1.54538 
3.28 1.54741 
3.29 1.54943 
3.3 1.55144 
3.31 1.55345 
3.32 1.55545 
3.33 1.55745 
3.34 1.55943 
3.35 1.56141 
3.36 1.56339 
3.37 1.56535 
3.38 1.56731 
3.39 1.56927 
3.4 1.57121 
3.41 1.57316 
3.42 1.57509 
3.43 1.57702 
3.44 1.57894 
3.45 1.58085 
3.46 1.58276 
3.47 1.58466 
3.48 1.58656 
3.49 1.58845 
3.5 1.59033 
3.51 1.59221 
3.52 1.59408 
3.53 1.59595 
3.54 1.59781 
3.55 1.59966 
3.56 1.60151 
3.57 1.60335 
3.58 1.60518 
3.59 1.60701 
3.6 1.60884 
3.61 1.61065 
3.62 1.61246 
3.63 1.61427 
3.64 1.61607 
3.65 1.61787 
3.66 1.61965 
3.67 1.62144 
3.68 1.62321 
3.69 1.62499 
3.7 1.62675 
3.71 1.62851 
3.72 1.63027 
3.73 1.63202 
3.74 1.63376 
3.75 1.6355 
3.76 1.63723 
3.77 1.63896 
3.78 1.64069 
3.79 1.6424 
3.8 1.64411 
3.81 1.64582 
3.82 1.64752 
3.83 1.64922 
3.84 1.65091 
3.85 1.6526 
3.86 1.65428 
3.87 1.65595 
3.88 1.65762 
3.89 1.65929 
3.9 1.66095 
3.91 1.6626 
3.92 1.66426 
3.93 1.6659 
3.94 1.66754 
3.95 1.66918 
3.96 1.67081 
3.97 1.67243 
3.98 1.67405 
3.99 1.67567 
4 1.67728 
4.01 1.67889 
